Period one
Number of students: 22
Number of girls/boys: 11/11
Student G5 and G6 will always meet.

Event: 1
Group 1: G1, G8, B3, B10, Host: B10
Group 2: G2, G10, B1, B5, Host: G10
Group 3: G3, G7, B6, B7, B9, Host: B9
Group 4: G4, G11, B2, B11, Host: B11
Group 5: G5, G6, G9, B4, B8, Host: B8
Event: 2
Group 1: G1, G5, G6, B2, B6, Host: B2
Group 2: G2, G11, B7, B8, Host: G2
Group 3: G7, G9, B1, B10, Host: G7
Group 4: G8, G10, B4, B9, B11, Host: G8
Group 5: G3, G4, B3, B5, Host: B3
Event: 3
Group 1: G1, G2, B5, B11, Host: B5
Group 2: G5, G6, G8, B1, B7, Host: G5
Group 3: G7, G11, B2, B3, B4, Host: G11
Group 4: G4, G9, B6, B9, Host: G4
Group 5: G3, G10, B8, B10, Host: G10
Event: 4
Group 1: G1, G7, B6, B8, Host: G1
Group 2: G3, G11, B1, B11, Host: B1
Group 3: G2, G4, B4, B7, B10, Host: B10
Group 4: G5, G6, G10, B3, B9, Host: B3
Group 5: G8, G9, B2, B5, Host: G9
Event: 5
Group 1: G1, G9, B3, B7, B11, Host: B11
Group 2: G4, G8, B1, B8, Host: G4
Group 3: G5, G6, G7, B4, B5, Host: G7
Group 4: G2, G3, B2, B9, Host: G3
Group 5: G10, G11, B6, B10, Host: B6
Event: 6
Group 1: G1, G3, B1, B4, Host: B4
Group 2: G7, G10, B2, B7, Host: B7
Group 3: G9, G11, B5, B8, B9, Host: G11
Group 4: G2, G8, B3, B6, Host: G8
Group 5: G4, G5, G6, B10, B11, Host: G6

--------------------------------------------------
The smallest number of meetings a student obtain in the event period: 17
The total number of meetings in the event period: 394
The gap value for the event period: 17.26%
Total solution time for the event period: 3601.11s
--------------------------------------------------
{'temp_x': [0, 1, 2, 3, 4, 4, 2, 0, 4, 1, 3, 1, 3, 0, 4, 1, 2, 2, 4, 2, 0, 3, 0, 1, 4, 4, 0, 0, 2, 3, 2, 3, 1, 2, 0, 4, 3, 4, 0, 1, 1, 3, 2, 3, 0, 0, 4, 3, 1, 1, 2, 1, 3, 4, 2, 1, 2, 2, 2, 0, 3, 1, 4, 3, 4, 0, 0, 2, 1, 2, 3, 3, 0, 4, 4, 3, 1, 1, 4, 3, 2, 4, 0, 2, 0, 3, 2, 1, 0, 3, 3, 1, 2, 2, 2, 1, 0, 4, 4, 1, 3, 0, 2, 2, 4, 0, 1, 3, 4, 0, 0, 3, 0, 4, 4, 4, 1, 3, 2, 1, 2, 0, 1, 3, 0, 2, 3, 1, 2, 2, 4, 4], 'temp_y': [1, 1, 0, 1, 1, 1, 1, 1, 0, 0, 1, 1, 1, 1, 1, 1, 1, 1, 0, 1, 1, 1, 1, 1, 0, 0, 0, 1, 0, 1, 1, 1, 1, 1, 1, 1, 1, 1, 1, 1, 1, 1, 1, 1, 1, 0, 0, 1, 0, 0, 1, 1, 1, 1, 1, 1, 1, 1, 1, 1, 1, 1, 1, 0, 1, 1, 1, 1, 0, 1, 1, 0, 1, 1, 1, 1, 1, 1, 1, 1, 1, 1, 1, 1, 1, 0, 0, 1, 1, 1, 1, 1, 1, 0, 1, 1, 1, 1, 1, 1, 1, 1, 1, 1, 1, 1, 0, 0, 1, 1, 1, 1, 1, 1, 0, 1, 1, 1, 1, 1, 1, 1, 1, 1, 1, 1, 1, 0, 1, 0, 1, 1, 0, 1, 1, 1, 1, 1, 1, 1, 1, 1, 1, 1, 1, 1, 0, 1, 1, 0, 1, 1, 1, 0, 1, 1, 0, 1, 1, 1, 1, 1, 1, 1, 1, 1, 1, 1, 1, 0, 0, 1, 1, 1, 1, 1, 0, 1, 1, 1, 1, 1, 1, 1, 1, 1, 1, 1, 1, 0, 1, 1, 0, 1, 1, 1, 1, 0, 1, 1, 1, 1, 1, 1, 1, 1, 1, 1, 1, 1, 0, 1, 1, 1, 0, 0, 1, 0, 1, 1, 1, 1, 1, 1, 1, 1, 1, 1, 1, 1, 1, 1, 1, 1, 1, 1, 1, 1, 1, 1, 1, 1, 0, 0, 1, 1, 0, 1, 1, 0, 1, 1, 1, 1, 1, 1, 1, 1, 1, 1, 1, 1, 1, 0, 1, 1, 1, 1, 1, 0, 1, 0, 1, 1, 1, 1, 1, 1, 1, 1, 1, 1, 1, 1, 0, 1, 1, 1, 1, 1, 0, 1, 1, 1, 1, 1, 1, 1, 1, 1, 1, 1, 1, 1, 1, 1, 1, 1, 1, 0, 1, 1, 1, 1, 1, 1, 1, 1, 1, 1, 1, 1, 1, 1, 1, 1, 1, 1, 1, 1, 0, 0, 1, 1, 0, 1, 1, 1, 1, 1, 1, 1, 1, 1, 1, 1, 1, 0, 1, 1, 0, 0, 1, 1, 1, 1, 0, 1, 1, 1, 1, 1, 1, 1, 1, 1, 1, 1, 1, 1, 1, 1, 0, 1, 1, 1, 1, 1, 1, 1, 1, 1, 1, 1, 1, 1, 1, 1, 1, 1, 0, 0, 1, 1, 1, 1, 1, 1, 0, 0, 1, 1, 1, 1, 1, 1, 1, 1, 1, 1, 0, 1, 1, 1, 1, 1, 1, 1, 0, 1, 1, 1, 1, 1, 1, 1, 1, 1, 1, 1, 1, 1, 0, 1, 1, 0, 1, 1, 1, 0, 1, 1, 1, 1, 1, 1, 1, 0, 1, 1, 1, 1, 1, 1, 1, 1, 1, 0, 1, 0, 1, 1], 'temp_z': [1, 1, 1, 1, 1, 1, 1, 1, 1, 1, 1, 1, 1, 1, 1, 1, 1, 1, 1, 1, 1, 1, 1, 1, 1, 1, 1, 1, 1, 1], 'temp_host': [0, 0, 0, 1, 0, 0, 0, 1, 0, 0, 0, 0, 0, 0, 0, 0, 1, 0, 0, 0, 1, 0, 1, 0, 0, 0, 1, 0, 0, 0, 0, 0, 0, 0, 0, 1, 0, 1, 0, 0, 1, 0, 0, 1, 0, 0, 0, 1, 0, 0, 0, 1, 0, 0, 1, 0, 1, 0, 0, 0, 0, 0, 1, 0, 0, 1, 0, 0, 0, 1, 0, 0, 0, 1, 0, 0, 0, 0, 0, 1, 0, 1, 0, 0, 0, 0, 0, 0, 0, 1, 0, 0, 1, 0, 0, 0, 0, 0, 0, 0, 1, 0, 0, 0, 0, 0, 0, 1, 1, 0, 0, 0, 0, 0, 1, 0, 0, 0, 0, 0, 1, 0, 0, 1, 0, 0, 1, 0, 0, 0, 1, 0], 'min_meetings': 17}