Period one
Number of students: 22
Number of girls/boys: 11/11
Student B10 will not get visited.

Event: 1
Group 1: G1, G9, G10, B9, B11, Host: B11
Group 2: G3, G8, B3, B10, Host: B3
Group 3: G2, G11, B5, B6, Host: B6
Group 4: G4, G5, B1, B2, Host: B2
Group 5: G6, G7, B4, B7, B8, Host: G6
Event: 2
Group 1: G1, G7, B3, B6, Host: G1
Group 2: G8, G11, B1, B7, B9, Host: B1
Group 3: G3, G10, B2, B4, Host: B4
Group 4: G5, G6, G9, B5, B10, Host: G5
Group 5: G2, G4, B8, B11, Host: G4
Event: 3
Group 1: G1, G8, B2, B8, B10, Host: B8
Group 2: G4, G9, B3, B7, Host: B7
Group 3: G2, G5, B4, B9, Host: B9
Group 4: G3, G6, G11, B6, B11, Host: B11
Group 5: G7, G10, B1, B5, Host: G7
Event: 4
Group 1: G1, G5, B3, B5, B11, Host: B5
Group 2: G6, G10, B7, B10, Host: G10
Group 3: G4, G8, B4, B6, Host: G4
Group 4: G2, G3, G9, B1, B8, Host: B1
Group 5: G7, G11, B2, B9, Host: G11
Event: 5
Group 1: G1, G6, B1, B4, Host: G1
Group 2: G5, G9, B2, B6, B7, Host: G9
Group 3: G10, G11, B3, B8, Host: B3
Group 4: G3, G4, B5, B9, Host: G3
Group 5: G2, G7, G8, B10, B11, Host: G8
Event: 6
Group 1: G1, G3, B7, B11, Host: B7
Group 2: G2, G6, B2, B3, Host: G2
Group 3: G8, G9, G11, B4, B5, Host: B5
Group 4: G5, G7, B8, B9, Host: G5
Group 5: G4, G10, B1, B6, B10, Host: B1

--------------------------------------------------
The smallest number of meetings a student obtain in the event period: 17
The total number of meetings in the event period: 400
The gap value for the event period: 15.5%
Total solution time for the event period: 3601.12s
--------------------------------------------------
{'temp_x': [0, 2, 1, 3, 3, 4, 4, 1, 0, 0, 2, 3, 3, 1, 4, 2, 2, 4, 4, 0, 1, 0, 0, 4, 2, 4, 3, 3, 0, 1, 3, 2, 1, 1, 2, 0, 2, 3, 0, 1, 4, 1, 3, 4, 0, 2, 3, 1, 2, 3, 4, 0, 1, 4, 3, 4, 0, 1, 2, 4, 3, 1, 0, 2, 0, 3, 0, 3, 3, 2, 0, 1, 4, 2, 3, 1, 4, 3, 4, 0, 2, 0, 2, 1, 3, 4, 1, 0, 0, 4, 3, 3, 1, 0, 4, 4, 1, 2, 2, 0, 1, 2, 0, 3, 1, 1, 2, 3, 4, 4, 0, 1, 0, 4, 3, 1, 3, 2, 2, 4, 2, 4, 1, 1, 2, 2, 4, 0, 3, 3, 4, 0], 'temp_y': [0, 1, 0, 1, 1, 1, 1, 1, 1, 0, 1, 1, 1, 1, 1, 1, 1, 1, 1, 1, 1, 0, 1, 1, 1, 1, 1, 1, 1, 0, 1, 1, 1, 1, 1, 1, 1, 0, 1, 1, 1, 1, 1, 1, 1, 0, 1, 0, 1, 1, 1, 1, 1, 1, 1, 1, 1, 1, 1, 1, 1, 1, 1, 0, 1, 1, 1, 0, 0, 1, 1, 1, 0, 1, 1, 1, 1, 1, 1, 1, 1, 1, 1, 1, 1, 1, 0, 1, 1, 1, 0, 1, 0, 0, 1, 1, 1, 1, 1, 1, 1, 1, 1, 1, 1, 1, 1, 1, 0, 1, 1, 0, 1, 1, 1, 1, 1, 1, 1, 1, 1, 1, 1, 0, 1, 1, 1, 1, 0, 0, 1, 1, 1, 0, 1, 1, 1, 1, 1, 1, 1, 1, 1, 1, 1, 1, 1, 1, 1, 1, 1, 0, 0, 1, 1, 0, 1, 1, 1, 1, 1, 1, 1, 1, 1, 1, 1, 1, 1, 1, 1, 1, 1, 1, 0, 1, 1, 1, 1, 1, 1, 1, 1, 1, 1, 1, 1, 1, 1, 1, 0, 1, 1, 0, 1, 1, 0, 1, 1, 1, 1, 1, 1, 1, 1, 1, 1, 1, 1, 1, 0, 1, 1, 0, 0, 1, 1, 1, 1, 1, 1, 1, 1, 1, 1, 1, 1, 1, 1, 0, 1, 1, 1, 1, 1, 1, 1, 1, 1, 1, 1, 1, 1, 0, 1, 1, 1, 1, 1, 1, 1, 0, 1, 1, 1, 1, 1, 1, 1, 1, 1, 1, 1, 1, 1, 1, 0, 1, 1, 1, 1, 1, 0, 1, 1, 1, 1, 1, 1, 1, 1, 1, 1, 1, 0, 1, 0, 1, 1, 1, 1, 0, 1, 1, 1, 1, 1, 1, 1, 1, 1, 1, 1, 1, 1, 1, 1, 0, 1, 1, 1, 1, 1, 0, 0, 1, 1, 1, 1, 1, 1, 1, 1, 1, 1, 1, 1, 0, 1, 1, 1, 0, 0, 1, 1, 1, 1, 1, 1, 1, 1, 1, 1, 1, 1, 1, 1, 1, 1, 1, 1, 1, 1, 0, 0, 1, 1, 1, 0, 1, 1, 1, 1, 1, 1, 1, 1, 1, 1, 1, 1, 1, 0, 1, 1, 1, 1, 1, 1, 1, 1, 1, 1, 1, 1, 1, 1, 1, 1, 1, 1, 1, 1, 0, 0, 1, 1, 1, 1, 1, 1, 1, 1, 1, 0, 1, 1, 1, 1, 1, 1, 1, 0, 1, 1, 0, 1, 1, 0, 1, 1, 1, 1, 1, 1, 1, 1, 1, 1, 1, 0, 1, 1, 1, 0, 1, 1, 1, 1, 0, 1, 1, 1, 1, 1, 1, 1, 1, 1, 1, 1, 1, 0, 0, 1, 0, 1, 1, 1, 1, 1, 1], 'temp_z': [1, 1, 1, 1, 1, 1, 1, 1, 1, 1, 1, 1, 1, 1, 1, 1, 1, 1, 1, 1, 1, 1, 1, 1, 1, 1, 1, 1, 1, 1], 'temp_host': [0, 1, 0, 0, 1, 0, 0, 0, 0, 0, 0, 1, 0, 0, 0, 0, 1, 0, 0, 1, 0, 1, 0, 0, 0, 1, 0, 0, 0, 1, 1, 0, 0, 0, 0, 0, 0, 0, 1, 0, 0, 0, 0, 0, 0, 0, 1, 0, 0, 0, 0, 0, 1, 0, 0, 0, 0, 1, 0, 0, 0, 0, 0, 1, 0, 0, 0, 1, 0, 1, 0, 1, 1, 0, 0, 0, 0, 0, 1, 0, 0, 0, 1, 0, 0, 1, 0, 0, 0, 0, 0, 0, 0, 1, 0, 1, 1, 0, 0, 0, 0, 0, 0, 0, 1, 0, 0, 1, 0, 0, 1, 0, 0, 0, 0, 0, 1, 0, 0, 0, 0, 0, 0, 0, 0, 0, 1, 0, 1, 0, 0, 0], 'min_meetings': 17}