Period one
Number of students: 22
Number of girls/boys: 11/11
Student B1 and B2 will not meet.

Event: 1
Group 1: G1, G11, B5, B8, B9, Host: G1
Group 2: G4, G6, B7, B10, Host: B10
Group 3: G2, G10, B3, B6, Host: B6
Group 4: G3, G7, B1, B11, Host: B1
Group 5: G5, G8, G9, B2, B4, Host: B4
Event: 2
Group 1: G1, G4, B4, B11, Host: G4
Group 2: G3, G8, B6, B9, B10, Host: G3
Group 3: G9, G11, B1, B3, Host: G9
Group 4: G2, G6, B2, B8, Host: G6
Group 5: G5, G7, G10, B5, B7, Host: G7
Event: 3
Group 1: G1, G6, G9, B6, B7, Host: B7
Group 2: G3, G10, B4, B8, Host: B8
Group 3: G7, G11, B2, B10, B11, Host: B10
Group 4: G2, G5, B1, B9, Host: G5
Group 5: G4, G8, B3, B5, Host: G8
Event: 4
Group 1: G1, G8, G10, B1, B10, Host: G10
Group 2: G3, G6, B2, B3, B9, Host: B3
Group 3: G4, G7, B6, B8, Host: G4
Group 4: G5, G11, B4, B7, Host: G11
Group 5: G2, G9, B5, B11, Host: G2
Event: 5
Group 1: G1, G2, G11, B2, B6, Host: B2
Group 2: G7, G8, B9, B11, Host: B9
Group 3: G6, G10, B4, B5, Host: G6
Group 4: G3, G4, B1, B7, Host: B7
Group 5: G5, G9, B3, B8, B10, Host: B8
Event: 6
Group 1: G1, G7, B3, B4, Host: B3
Group 2: G2, G3, B5, B10, Host: B5
Group 3: G5, G6, B1, B6, B11, Host: B11
Group 4: G4, G9, G10, B2, B9, Host: G10
Group 5: G8, G11, B7, B8, Host: G8

--------------------------------------------------
The smallest number of meetings a student obtain in the event period: 16
The total number of meetings in the event period: 396
The gap value for the event period: 16.67%
Total solution time for the event period: 3601.81s
--------------------------------------------------
{'temp_x': [0, 2, 3, 1, 4, 1, 3, 4, 4, 2, 0, 3, 4, 2, 4, 0, 2, 1, 0, 0, 1, 3, 0, 3, 1, 0, 4, 3, 4, 1, 2, 4, 2, 2, 3, 2, 0, 4, 1, 4, 3, 1, 1, 0, 0, 3, 1, 4, 3, 0, 2, 4, 0, 1, 2, 3, 2, 4, 1, 4, 0, 0, 1, 3, 2, 2, 0, 4, 1, 2, 3, 1, 2, 0, 4, 0, 3, 0, 1, 1, 3, 4, 2, 3, 2, 1, 0, 4, 0, 0, 3, 3, 4, 2, 1, 1, 4, 2, 0, 3, 0, 4, 2, 2, 0, 3, 4, 1, 4, 1, 0, 1, 1, 3, 2, 2, 0, 4, 3, 3, 4, 2, 3, 0, 0, 1, 2, 4, 4, 3, 1, 2], 'temp_y': [1, 0, 1, 0, 1, 1, 1, 1, 1, 1, 1, 1, 1, 1, 1, 1, 1, 1, 1, 1, 1, 1, 1, 0, 1, 1, 0, 0, 1, 1, 1, 1, 1, 1, 0, 1, 1, 0, 1, 1, 1, 1, 0, 1, 1, 0, 1, 1, 1, 0, 1, 0, 1, 1, 1, 1, 1, 1, 1, 1, 1, 1, 1, 1, 0, 1, 0, 1, 1, 1, 1, 1, 0, 1, 1, 1, 1, 1, 1, 1, 1, 1, 1, 1, 0, 1, 0, 0, 1, 1, 1, 1, 1, 1, 1, 1, 1, 1, 1, 1, 1, 1, 1, 1, 1, 1, 1, 1, 1, 1, 0, 0, 1, 1, 0, 1, 1, 1, 1, 1, 1, 1, 1, 1, 1, 1, 1, 0, 1, 1, 1, 0, 1, 0, 1, 1, 1, 1, 1, 1, 1, 1, 1, 1, 1, 1, 1, 1, 0, 1, 1, 1, 0, 1, 1, 1, 1, 1, 1, 1, 1, 1, 1, 1, 1, 1, 1, 1, 1, 1, 0, 1, 1, 1, 0, 1, 1, 1, 1, 1, 1, 1, 1, 1, 1, 1, 1, 1, 1, 1, 1, 1, 1, 1, 1, 1, 1, 1, 0, 1, 1, 1, 1, 1, 1, 1, 1, 1, 1, 0, 1, 1, 0, 0, 1, 0, 1, 1, 1, 0, 1, 1, 1, 1, 1, 1, 1, 1, 1, 1, 1, 1, 1, 1, 1, 1, 1, 1, 1, 1, 1, 1, 0, 1, 0, 0, 1, 1, 0, 1, 1, 1, 1, 1, 1, 1, 1, 1, 1, 1, 1, 1, 1, 0, 1, 1, 0, 1, 0, 1, 1, 1, 1, 1, 1, 1, 1, 1, 1, 1, 1, 1, 1, 1, 1, 1, 1, 1, 1, 0, 1, 1, 1, 0, 1, 0, 1, 1, 1, 1, 1, 1, 1, 1, 1, 0, 1, 1, 1, 0, 1, 1, 0, 0, 1, 1, 1, 1, 1, 1, 1, 1, 1, 1, 1, 1, 0, 0, 1, 1, 0, 1, 1, 1, 1, 1, 1, 1, 1, 1, 1, 1, 1, 1, 1, 1, 1, 1, 1, 1, 0, 0, 1, 1, 1, 1, 1, 1, 0, 1, 1, 1, 1, 1, 1, 1, 1, 1, 1, 0, 0, 1, 1, 1, 1, 0, 1, 0, 1, 1, 1, 1, 1, 1, 1, 1, 1, 1, 1, 0, 1, 1, 1, 1, 1, 1, 1, 1, 0, 1, 1, 1, 1, 1, 1, 1, 1, 1, 1, 1, 1, 1, 1, 0, 1, 1, 0, 1, 1, 1, 1, 1, 1, 1, 1, 1, 1, 1, 1, 1, 1, 1, 1, 1, 0, 1, 1, 1, 1, 1, 1, 1, 1, 1, 1, 1, 1, 1, 1, 1, 0, 1, 1, 1, 0, 1, 1, 1, 0, 0, 1, 1], 'temp_z': [1, 1, 1, 1, 1, 1, 1, 1, 1, 1, 1, 1, 1, 1, 1, 1, 1, 1, 1, 1, 1, 1, 1, 1, 1, 1, 1, 1, 1, 1], 'temp_host': [1, 0, 0, 0, 0, 0, 0, 0, 0, 1, 0, 0, 0, 1, 0, 0, 0, 0, 0, 1, 0, 1, 0, 0, 0, 0, 1, 0, 0, 0, 0, 1, 0, 0, 1, 0, 0, 1, 0, 0, 0, 0, 0, 0, 1, 0, 0, 1, 0, 1, 0, 0, 0, 0, 0, 0, 0, 1, 0, 1, 0, 0, 0, 1, 0, 0, 1, 0, 0, 0, 0, 0, 0, 0, 0, 0, 1, 0, 0, 0, 0, 1, 0, 1, 1, 0, 0, 0, 0, 0, 0, 0, 0, 0, 0, 1, 1, 0, 0, 0, 0, 0, 0, 0, 1, 0, 1, 0, 0, 0, 1, 0, 1, 0, 0, 0, 0, 0, 1, 0, 1, 0, 1, 0, 0, 0, 0, 0, 0, 0, 0, 1], 'min_meetings': 16}