Period one
Number of students: 22
Number of girls/boys: 4/18

Event: 1
Group 1: G1, G2, B11, B14, B18, Host: G2
Group 2: G3, G4, B1, B6, B12, Host: B6
Group 3: B2, B5, B8, B9, Host: B5
Group 4: B3, B7, B15, B16, Host: B15
Group 5: B4, B10, B13, B17, Host: B10
Event: 2
Group 1: G1, G3, B9, B13, Host: G1
Group 2: G2, G4, B4, B5, B15, Host: G4
Group 3: B3, B8, B11, B12, Host: B3
Group 4: B2, B6, B7, B10, B14, Host: B7
Group 5: B1, B16, B17, B18, Host: B1
Event: 3
Group 1: G1, G4, B2, B12, B18, Host: B18
Group 2: G2, G3, B8, B14, B17, Host: B14
Group 3: B1, B3, B5, B10, Host: B10
Group 4: B4, B7, B11, B13, Host: B11
Group 5: B6, B9, B15, B16, Host: B9
Event: 4
Group 1: G1, G2, B1, B7, Host: B7
Group 2: G3, G4, B9, B10, B11, Host: G3
Group 3: B5, B12, B13, B14, B15, Host: B5
Group 4: B3, B6, B17, B18, Host: B17
Group 5: B2, B4, B8, B16, Host: B16
Event: 5
Group 1: G1, G3, B4, B5, B6, Host: B4
Group 2: G2, G4, B2, B3, B13, Host: B13
Group 3: B1, B11, B14, B16, Host: B14
Group 4: B8, B10, B15, B18, Host: B18
Group 5: B7, B9, B12, B17, Host: B9
Event: 6
Group 1: G1, G2, B10, B12, B16, Host: B12
Group 2: G3, G4, B7, B18, Host: B7
Group 3: B1, B6, B8, B13, Host: B8
Group 4: B3, B4, B9, B14, Host: B3
Group 5: B2, B5, B11, B15, B17, Host: B2

--------------------------------------------------
The smallest number of meetings a student obtain in the event period: 17
The total number of meetings in the event period: 406
The gap value for the event period: 13.79%
Total solution time for the event period: 3601.33s
--------------------------------------------------
{'temp_x': [0, 0, 1, 1, 1, 2, 3, 4, 2, 1, 3, 2, 2, 4, 0, 1, 4, 0, 3, 3, 4, 0, 0, 1, 0, 1, 4, 3, 2, 1, 1, 3, 3, 2, 0, 3, 2, 2, 0, 3, 1, 4, 4, 4, 0, 1, 1, 0, 2, 0, 2, 3, 2, 4, 3, 1, 4, 2, 3, 0, 3, 1, 4, 4, 1, 0, 0, 0, 1, 1, 0, 4, 3, 4, 2, 3, 0, 4, 1, 1, 1, 2, 2, 2, 2, 4, 3, 3, 0, 1, 0, 1, 2, 1, 1, 0, 0, 0, 4, 3, 4, 3, 2, 4, 1, 2, 3, 2, 4, 3, 0, 0, 1, 1, 2, 4, 3, 3, 4, 2, 1, 2, 3, 0, 4, 0, 2, 3, 4, 0, 4, 1], 'temp_y': [1, 1, 1, 1, 1, 0, 1, 1, 1, 1, 0, 1, 1, 1, 1, 1, 1, 0, 1, 0, 1, 1, 1, 1, 1, 1, 1, 1, 1, 0, 1, 1, 0, 1, 1, 1, 1, 1, 1, 1, 1, 1, 1, 1, 1, 1, 0, 0, 1, 1, 1, 1, 1, 1, 1, 1, 1, 1, 1, 0, 0, 1, 1, 1, 1, 1, 1, 1, 1, 1, 1, 1, 1, 0, 1, 1, 1, 1, 1, 0, 1, 0, 0, 1, 1, 1, 1, 1, 0, 1, 0, 1, 1, 1, 1, 0, 1, 1, 1, 1, 1, 0, 1, 1, 1, 1, 1, 0, 1, 0, 1, 1, 1, 1, 1, 1, 1, 1, 1, 1, 1, 1, 1, 1, 1, 1, 0, 1, 0, 1, 1, 1, 1, 1, 1, 1, 1, 1, 1, 1, 1, 1, 1, 1, 1, 1, 1, 1, 1, 1, 1, 0, 1, 1, 1, 1, 1, 1, 1, 1, 1, 0, 1, 1, 1, 1, 1, 0, 1, 1, 1, 1, 1, 1, 1, 1, 1, 0, 1, 1, 1, 1, 1, 1, 1, 1, 0, 1, 0, 1, 0, 1, 1, 1, 1, 1, 1, 1, 1, 1, 1, 1, 0, 1, 1, 1, 1, 1, 1, 1, 1, 1, 1, 1, 1, 1, 1, 1, 0, 1, 0, 1, 1, 1, 1, 1, 1, 1, 1, 1, 1, 0, 1, 1, 0, 1, 1, 1, 1, 1, 1, 0, 1, 1, 1, 1, 1, 1, 1, 1, 1, 1, 1, 0, 1, 1, 0, 1, 1, 1, 1, 1, 1, 1, 1, 1, 1, 1, 1, 1, 1, 1, 0, 1, 1, 1, 1, 1, 1, 1, 1, 1, 1, 1, 1, 1, 1, 1, 1, 1, 1, 1, 1, 1, 1, 1, 1, 1, 1, 1, 1, 1, 1, 0, 1, 1, 1, 1, 1, 1, 1, 1, 1, 1, 1, 1, 1, 1, 1, 1, 1, 1, 0, 1, 1, 1, 1, 1, 1, 1, 1, 1, 1, 1, 1, 1, 1, 1, 1, 1, 1, 1, 1, 1, 1, 1, 1, 1, 1, 1, 1, 1, 1, 1, 0, 1, 0, 1, 1, 1, 0, 1, 1, 1, 1, 1, 1, 1, 1, 1, 1, 1, 1, 1, 1, 1, 1, 1, 0, 1, 0, 1, 0, 1, 1, 1, 1, 1, 1, 1, 1, 1, 1, 1, 1, 1, 1, 1, 1, 1, 1, 0, 0, 1, 1, 1, 1, 0, 1, 1, 1, 1, 1, 1, 1, 0, 1, 1, 1, 1, 0, 1, 1, 0, 1, 1, 1, 1, 1, 1, 1, 1, 1, 1, 1, 1, 1, 1, 1, 1, 1, 1, 1, 1, 1, 1, 1, 1, 0, 0, 1, 1, 1, 0, 1, 1, 1, 0, 1, 1, 1, 1], 'temp_z': [1, 1, 1, 1, 1, 1, 1, 1, 1, 1, 1, 1, 1, 1, 1, 1, 1, 1, 1, 1, 1, 1, 1, 1, 1, 1, 1, 1, 1, 1], 'temp_host': [0, 1, 0, 0, 0, 0, 1, 0, 0, 0, 0, 0, 0, 0, 0, 1, 0, 0, 0, 1, 0, 0, 0, 0, 0, 1, 0, 0, 0, 0, 0, 0, 0, 0, 0, 1, 0, 1, 0, 0, 0, 1, 0, 0, 0, 0, 1, 0, 1, 0, 0, 1, 0, 0, 1, 0, 0, 0, 0, 0, 0, 1, 0, 1, 0, 1, 0, 0, 0, 0, 0, 1, 0, 0, 1, 0, 1, 0, 1, 0, 1, 0, 0, 0, 0, 0, 1, 0, 0, 0, 0, 0, 0, 0, 0, 1, 0, 0, 0, 0, 1, 0, 0, 0, 1, 0, 1, 0, 1, 0, 0, 0, 0, 0, 0, 0, 0, 1, 0, 0, 0, 0, 0, 1, 0, 0, 0, 0, 1, 0, 1, 0], 'min_meetings': 17}