Period one
Number of students: 22
Number of girls/boys: 7/15

Event: 1
Group 1: G1, G6, B4, B12, Host: B4
Group 2: G2, G4, G7, B11, B13, Host: B11
Group 3: G3, G5, B3, B8, Host: B3
Group 4: B2, B6, B7, B10, B15, Host: B15
Group 5: B1, B5, B9, B14, Host: B1
Event: 2
Group 1: G1, G5, G7, B6, B14, Host: G5
Group 2: G4, G6, B8, B15, Host: B8
Group 3: G2, G3, B1, B2, B4, Host: G3
Group 4: B7, B9, B11, B12, Host: B12
Group 5: B3, B5, B10, B13, Host: B5
Event: 3
Group 1: G1, G2, B5, B15, Host: B15
Group 2: G3, G5, G6, B9, B13, Host: G6
Group 3: G4, G7, B3, B4, B7, Host: G4
Group 4: B1, B6, B8, B11, Host: B6
Group 5: B2, B10, B12, B14, Host: B10
Event: 4
Group 1: G1, G3, G4, B10, B11, Host: G3
Group 2: G2, G5, B7, B14, Host: B7
Group 3: G6, G7, B2, B5, B8, Host: B2
Group 4: B3, B6, B9, B12, Host: B9
Group 5: B1, B4, B13, B15, Host: B13
Event: 5
Group 1: G1, G7, B1, B7, Host: G1
Group 2: G2, G3, G6, B6, B13, Host: G2
Group 3: G4, G5, B5, B12, Host: B5
Group 4: B2, B3, B11, B14, B15, Host: B3
Group 5: B4, B8, B9, B10, Host: B4
Event: 6
Group 1: G1, G2, G4, B2, B9, Host: B9
Group 2: G3, G7, B12, B15, Host: G7
Group 3: G5, G6, B1, B3, B10, Host: B1
Group 4: B4, B5, B6, B11, Host: B11
Group 5: B7, B8, B13, B14, Host: B14

--------------------------------------------------
The smallest number of meetings a student obtain in the event period: 17
The total number of meetings in the event period: 404
The gap value for the event period: 14.36%
Total solution time for the event period: 3601.05s
--------------------------------------------------
{'temp_x': [0, 1, 2, 1, 2, 0, 1, 4, 3, 2, 0, 4, 3, 3, 2, 4, 3, 1, 0, 1, 4, 3, 0, 2, 2, 1, 0, 1, 0, 2, 2, 4, 2, 4, 0, 3, 1, 3, 4, 3, 3, 4, 0, 1, 0, 0, 1, 2, 1, 1, 2, 3, 4, 2, 2, 0, 3, 2, 3, 1, 4, 3, 4, 1, 4, 0, 0, 1, 0, 0, 1, 2, 2, 4, 2, 3, 4, 2, 3, 1, 2, 3, 0, 0, 3, 4, 1, 4, 0, 1, 1, 2, 2, 1, 0, 0, 3, 3, 4, 2, 1, 0, 4, 4, 4, 3, 2, 1, 3, 3, 0, 0, 1, 0, 2, 2, 1, 2, 0, 2, 3, 3, 3, 4, 4, 0, 2, 3, 1, 4, 4, 1], 'temp_y': [1, 1, 1, 1, 1, 1, 1, 1, 0, 1, 1, 1, 1, 0, 1, 1, 1, 1, 0, 1, 1, 1, 1, 1, 1, 1, 1, 1, 1, 0, 1, 1, 1, 1, 0, 1, 0, 1, 0, 1, 1, 1, 1, 1, 1, 1, 1, 1, 1, 1, 1, 1, 0, 1, 0, 1, 1, 1, 1, 1, 1, 0, 1, 1, 1, 1, 1, 1, 1, 0, 1, 1, 1, 1, 0, 1, 1, 1, 1, 1, 1, 1, 0, 1, 1, 1, 1, 1, 1, 1, 1, 0, 1, 0, 1, 1, 1, 1, 1, 1, 0, 1, 1, 1, 0, 1, 1, 1, 1, 1, 1, 1, 1, 1, 1, 1, 1, 0, 1, 1, 1, 0, 1, 1, 0, 1, 1, 1, 1, 1, 1, 1, 1, 1, 1, 1, 1, 1, 1, 1, 0, 0, 1, 1, 1, 1, 1, 1, 1, 1, 0, 1, 1, 1, 1, 1, 1, 1, 1, 1, 1, 1, 1, 1, 0, 1, 1, 1, 1, 1, 1, 1, 0, 1, 1, 1, 1, 1, 1, 1, 1, 1, 1, 1, 1, 1, 0, 1, 1, 0, 0, 1, 1, 1, 1, 1, 1, 1, 1, 1, 1, 1, 1, 1, 1, 1, 1, 1, 1, 1, 1, 1, 1, 1, 0, 1, 1, 1, 1, 1, 1, 1, 1, 1, 1, 1, 1, 1, 1, 0, 1, 1, 1, 0, 1, 1, 1, 1, 1, 1, 1, 1, 1, 0, 1, 1, 1, 1, 1, 1, 1, 1, 1, 1, 1, 0, 1, 1, 1, 1, 1, 1, 1, 1, 1, 1, 1, 1, 1, 1, 1, 1, 1, 1, 1, 0, 1, 1, 0, 1, 1, 1, 1, 1, 0, 1, 1, 1, 1, 1, 1, 1, 1, 1, 0, 0, 1, 1, 1, 1, 1, 1, 1, 1, 1, 1, 1, 1, 1, 1, 1, 0, 1, 1, 1, 1, 1, 1, 1, 1, 1, 0, 1, 1, 1, 1, 1, 1, 1, 1, 1, 1, 1, 1, 1, 0, 1, 0, 1, 1, 1, 1, 0, 1, 1, 1, 1, 1, 1, 1, 1, 1, 1, 1, 1, 1, 1, 1, 1, 1, 1, 0, 0, 1, 1, 1, 1, 1, 1, 1, 1, 1, 1, 1, 1, 1, 1, 1, 1, 0, 1, 1, 1, 1, 1, 0, 1, 1, 1, 1, 1, 1, 0, 1, 1, 1, 0, 1, 1, 0, 1, 1, 1, 1, 1, 1, 1, 0, 1, 1, 1, 1, 1, 1, 1, 1, 1, 0, 1, 1, 1, 1, 0, 0, 1, 0, 1, 1, 1, 1, 0, 1, 1, 1, 1, 1, 1, 1, 1, 1, 1, 1, 1, 1, 1, 0, 1, 1, 1, 1, 1, 1, 1, 1, 1, 1, 0, 1, 1, 1, 1, 1], 'temp_z': [1, 1, 1, 1, 1, 1, 1, 1, 1, 1, 1, 1, 1, 1, 1, 1, 1, 1, 1, 1, 1, 1, 1, 1, 1, 1, 1, 1, 1, 1], 'temp_host': [0, 0, 0, 0, 1, 0, 0, 0, 0, 0, 1, 0, 0, 1, 0, 1, 0, 0, 0, 0, 1, 0, 0, 0, 0, 1, 0, 0, 0, 0, 0, 0, 1, 0, 0, 0, 0, 0, 0, 0, 0, 1, 1, 0, 0, 0, 0, 1, 0, 0, 0, 1, 0, 0, 1, 0, 0, 0, 1, 0, 1, 0, 0, 0, 1, 0, 0, 1, 0, 0, 1, 0, 0, 0, 1, 0, 0, 0, 0, 0, 0, 1, 0, 0, 0, 1, 0, 0, 0, 0, 0, 0, 0, 1, 0, 1, 0, 0, 1, 0, 0, 0, 1, 0, 0, 0, 0, 1, 0, 1, 0, 0, 0, 0, 0, 0, 0, 1, 0, 0, 0, 0, 0, 0, 0, 1, 1, 0, 1, 0, 0, 0], 'min_meetings': 17}