Period one
Number of students: 22
Number of girls/boys: 8/14

Event: 1
Group 1: G1, G3, B3, B12, Host: B12
Group 2: G2, G8, B2, B4, Host: G2
Group 3: G6, G7, B7, B13, Host: B7
Group 4: G4, G5, B9, B11, B14, Host: B14
Group 5: B1, B5, B6, B8, B10, Host: B10
Event: 2
Group 1: G1, G4, B2, B10, Host: G1
Group 2: G5, G7, B5, B12, Host: G7
Group 3: G2, G3, B1, B7, B14, Host: B1
Group 4: G6, G8, B6, B11, Host: B11
Group 5: B3, B4, B8, B9, B13, Host: B9
Event: 3
Group 1: G1, G7, B1, B4, B11, Host: B4
Group 2: G5, G8, B7, B8, Host: B7
Group 3: G3, G6, B9, B10, Host: B10
Group 4: G2, G4, B3, B5, Host: B5
Group 5: B2, B6, B12, B13, B14, Host: B14
Event: 4
Group 1: G1, G5, B3, B6, Host: B6
Group 2: G3, G8, B5, B11, B13, Host: B13
Group 3: G2, G7, B10, B14, Host: G2
Group 4: G4, G6, B1, B8, B12, Host: G6
Group 5: B2, B4, B7, B9, Host: B2
Event: 5
Group 1: G1, G2, B8, B13, Host: B8
Group 2: G3, G4, B4, B6, Host: G3
Group 3: G5, G6, B2, B5, B14, Host: G5
Group 4: G7, G8, B1, B9, Host: G8
Group 5: B3, B7, B10, B11, B12, Host: B10
Event: 6
Group 1: G1, G8, B3, B14, Host: B3
Group 2: G2, G6, B4, B12, Host: B4
Group 3: G4, G5, B1, B10, B13, Host: G4
Group 4: G3, G7, B2, B8, B11, Host: B2
Group 5: B5, B6, B7, B9, Host: B6

--------------------------------------------------
The smallest number of meetings a student obtain in the event period: 17
The total number of meetings in the event period: 410
The gap value for the event period: 12.68%
Total solution time for the event period: 3601.12s
--------------------------------------------------
{'temp_x': [0, 1, 0, 3, 3, 2, 2, 1, 4, 1, 0, 1, 4, 4, 2, 4, 3, 4, 3, 0, 2, 3, 0, 2, 2, 0, 1, 3, 1, 3, 2, 0, 4, 4, 1, 3, 2, 4, 4, 0, 3, 1, 4, 2, 0, 3, 2, 3, 1, 2, 0, 1, 0, 4, 3, 0, 3, 4, 1, 1, 2, 2, 0, 4, 4, 4, 0, 2, 1, 3, 0, 3, 2, 1, 3, 4, 0, 4, 1, 0, 4, 3, 4, 2, 1, 3, 1, 2, 0, 0, 1, 1, 2, 2, 3, 3, 3, 2, 4, 1, 2, 1, 4, 0, 3, 4, 4, 4, 0, 2, 0, 1, 3, 2, 2, 1, 3, 0, 2, 3, 0, 1, 4, 4, 4, 3, 4, 2, 3, 1, 2, 0], 'temp_y': [1, 1, 1, 1, 0, 1, 1, 1, 1, 1, 1, 0, 1, 0, 1, 0, 1, 1, 1, 1, 1, 1, 1, 1, 0, 1, 1, 1, 1, 1, 1, 1, 1, 0, 1, 1, 0, 1, 0, 1, 1, 1, 1, 1, 1, 0, 1, 1, 1, 1, 1, 1, 1, 1, 1, 1, 1, 1, 1, 1, 1, 1, 1, 1, 1, 1, 1, 1, 0, 0, 1, 1, 1, 1, 1, 1, 0, 1, 1, 1, 1, 1, 1, 1, 1, 0, 0, 1, 1, 1, 1, 1, 1, 1, 0, 1, 1, 1, 1, 1, 1, 1, 1, 1, 1, 0, 1, 1, 1, 1, 1, 1, 1, 1, 0, 1, 1, 1, 1, 1, 1, 1, 1, 1, 1, 1, 1, 1, 1, 0, 1, 1, 1, 1, 1, 0, 1, 1, 0, 1, 1, 1, 1, 1, 1, 1, 1, 1, 1, 1, 0, 1, 1, 1, 1, 1, 1, 1, 1, 1, 1, 1, 1, 0, 1, 0, 1, 1, 1, 1, 1, 1, 1, 1, 1, 1, 0, 0, 1, 1, 1, 1, 1, 1, 1, 1, 1, 1, 1, 1, 1, 1, 1, 1, 1, 1, 1, 0, 0, 1, 1, 1, 1, 1, 1, 1, 1, 1, 1, 1, 1, 1, 1, 1, 1, 0, 0, 1, 0, 0, 1, 1, 1, 1, 1, 1, 1, 1, 1, 1, 1, 1, 1, 1, 1, 0, 1, 1, 1, 1, 1, 1, 0, 1, 1, 1, 1, 0, 1, 1, 1, 0, 0, 1, 1, 1, 1, 1, 1, 1, 1, 1, 1, 0, 1, 1, 1, 1, 1, 1, 1, 1, 1, 1, 0, 1, 1, 1, 1, 0, 1, 1, 1, 1, 1, 1, 1, 1, 1, 1, 1, 1, 1, 1, 0, 1, 1, 0, 1, 1, 1, 1, 1, 1, 1, 1, 1, 1, 1, 1, 1, 1, 1, 1, 1, 1, 1, 1, 1, 1, 1, 1, 1, 1, 1, 1, 1, 1, 1, 1, 1, 1, 1, 1, 1, 0, 0, 0, 1, 1, 1, 1, 1, 1, 1, 1, 1, 1, 1, 1, 1, 1, 1, 1, 0, 1, 1, 1, 1, 1, 1, 1, 1, 1, 0, 1, 1, 1, 0, 1, 1, 1, 1, 1, 1, 1, 1, 1, 1, 0, 1, 1, 1, 1, 1, 1, 1, 1, 1, 1, 1, 1, 1, 1, 1, 1, 1, 1, 1, 1, 1, 1, 1, 1, 1, 1, 0, 1, 1, 1, 1, 1, 1, 1, 1, 0, 1, 1, 1, 1, 1, 1, 1, 1, 1, 1, 1, 1, 1, 1, 1, 1, 1, 1, 1, 1, 1, 1, 1, 1, 1, 1, 1, 1, 1, 1, 1, 1, 1, 1, 1, 1, 0, 1, 1, 1, 0, 1, 1, 1, 1, 1], 'temp_z': [1, 1, 1, 1, 1, 1, 1, 1, 1, 1, 1, 1, 1, 1, 1, 1, 1, 1, 1, 1, 1, 1, 1, 1, 1, 1, 1, 1, 1, 1], 'temp_host': [0, 1, 0, 0, 0, 0, 1, 0, 0, 1, 0, 0, 0, 0, 0, 0, 1, 0, 0, 0, 0, 0, 0, 1, 0, 0, 0, 0, 1, 0, 0, 0, 0, 1, 0, 0, 0, 1, 0, 0, 0, 0, 0, 0, 0, 0, 1, 0, 0, 1, 0, 0, 0, 0, 0, 0, 0, 1, 0, 1, 0, 0, 0, 0, 0, 1, 0, 0, 1, 0, 0, 1, 0, 0, 1, 0, 0, 0, 0, 0, 0, 1, 0, 1, 1, 0, 1, 0, 0, 0, 0, 0, 0, 0, 1, 0, 0, 1, 0, 0, 0, 0, 1, 0, 1, 0, 1, 0, 0, 1, 0, 0, 0, 0, 1, 0, 0, 0, 0, 0, 0, 0, 0, 1, 0, 0, 1, 0, 1, 0, 0, 0], 'min_meetings': 17}