Period one
Number of students: 23
Number of girls/boys: 10/13

Event: 1
Group 1: G1, G5, B9, B12, Host: B12
Group 2: G2, G8, B4, B6, B11, Host: G2
Group 3: G4, G9, B5, B13, Host: B5
Group 4: G3, G6, B2, B8, B10, Host: G3
Group 5: G7, G10, B1, B3, B7, Host: G10
Event: 2
Group 1: G1, G10, B4, B5, B10, Host: B10
Group 2: G3, G8, B1, B13, Host: B13
Group 3: G4, G7, B2, B11, B12, Host: G4
Group 4: G2, G9, B7, B8, B9, Host: G9
Group 5: G5, G6, B3, B6, Host: B3
Event: 3
Group 1: G1, G9, B1, B6, B11, Host: B1
Group 2: G3, G4, B7, B10, Host: B7
Group 3: G8, G10, B3, B8, B12, Host: B8
Group 4: G6, G7, B5, B9, Host: B5
Group 5: G2, G5, B2, B4, B13, Host: B2
Event: 4
Group 1: G1, G8, B2, B5, B7, Host: G1
Group 2: G2, G6, B1, B8, Host: G6
Group 3: G5, G9, B10, B12, Host: G9
Group 4: G3, G7, B3, B4, B11, Host: B4
Group 5: G4, G10, B6, B9, B13, Host: G10
Event: 5
Group 1: G1, G6, B11, B13, Host: B11
Group 2: G9, G10, B2, B3, Host: B3
Group 3: G2, G3, B5, B6, B12, Host: B6
Group 4: G4, G5, B4, B7, B8, Host: G5
Group 5: G7, G8, B1, B9, B10, Host: G7
Event: 6
Group 1: G1, G7, B2, B6, B8, Host: B2
Group 2: G3, G9, B4, B9, Host: B9
Group 3: G5, G10, B1, B5, B11, Host: B5
Group 4: G6, G8, B7, B12, Host: G8
Group 5: G2, G4, B3, B10, B13, Host: B10

--------------------------------------------------
The smallest number of meetings a student obtain in the event period: 18
The total number of meetings in the event period: 434
The gap value for the event period: 16.59%
Total solution time for the event period: 3601.27s
--------------------------------------------------
{'temp_x': [0, 1, 3, 2, 0, 3, 4, 1, 2, 4, 4, 3, 4, 1, 2, 1, 4, 3, 0, 3, 1, 0, 2, 0, 3, 1, 2, 4, 4, 2, 1, 3, 0, 1, 2, 4, 0, 0, 4, 3, 3, 3, 0, 2, 2, 1, 0, 4, 1, 1, 4, 3, 3, 2, 0, 2, 0, 4, 2, 4, 3, 0, 1, 2, 3, 1, 0, 2, 4, 0, 1, 3, 4, 2, 1, 3, 0, 2, 4, 1, 0, 3, 3, 0, 4, 0, 1, 4, 2, 3, 2, 4, 0, 2, 2, 3, 3, 0, 4, 4, 1, 1, 4, 1, 1, 3, 2, 2, 3, 3, 4, 4, 0, 2, 0, 0, 4, 1, 4, 2, 3, 0, 3, 1, 2, 2, 0, 4, 1, 2, 0, 3, 0, 1, 4, 2, 3, 4], 'temp_y': [0, 0, 0, 1, 1, 1, 1, 1, 1, 1, 1, 0, 1, 1, 1, 1, 1, 1, 1, 1, 1, 1, 0, 1, 1, 1, 1, 0, 1, 1, 0, 1, 1, 1, 1, 1, 1, 1, 1, 1, 1, 1, 1, 1, 0, 1, 1, 0, 1, 1, 1, 1, 0, 1, 1, 1, 1, 1, 1, 1, 1, 1, 1, 1, 1, 1, 0, 1, 1, 1, 0, 1, 0, 1, 1, 0, 1, 1, 1, 1, 1, 1, 1, 1, 1, 1, 1, 1, 1, 1, 0, 1, 1, 0, 0, 1, 1, 1, 1, 1, 1, 1, 1, 1, 1, 1, 1, 1, 1, 1, 1, 1, 1, 0, 1, 1, 1, 0, 0, 1, 1, 1, 0, 1, 1, 1, 1, 1, 1, 1, 1, 1, 1, 0, 1, 1, 0, 1, 1, 0, 1, 1, 1, 1, 1, 1, 1, 1, 1, 1, 1, 1, 1, 0, 1, 1, 1, 0, 0, 1, 1, 0, 1, 1, 1, 1, 1, 1, 1, 1, 1, 1, 1, 1, 1, 1, 1, 1, 1, 1, 1, 0, 0, 0, 1, 1, 1, 1, 1, 1, 1, 1, 1, 1, 1, 1, 1, 1, 1, 0, 0, 1, 1, 0, 1, 1, 1, 1, 1, 1, 1, 1, 1, 1, 1, 1, 1, 1, 1, 1, 1, 1, 1, 0, 1, 1, 1, 1, 1, 1, 0, 1, 0, 1, 1, 1, 1, 1, 1, 1, 0, 1, 1, 1, 1, 1, 1, 1, 1, 1, 1, 1, 0, 1, 1, 1, 1, 1, 1, 0, 1, 1, 1, 1, 0, 1, 1, 1, 1, 1, 1, 1, 1, 1, 1, 1, 1, 0, 1, 1, 1, 0, 1, 1, 1, 1, 1, 1, 1, 1, 1, 0, 1, 1, 1, 1, 0, 1, 1, 1, 1, 1, 1, 1, 1, 1, 0, 1, 1, 1, 1, 1, 1, 1, 1, 1, 1, 1, 1, 1, 0, 1, 1, 1, 0, 1, 1, 1, 1, 1, 1, 1, 1, 1, 1, 1, 1, 1, 1, 1, 1, 1, 1, 1, 1, 0, 1, 1, 0, 1, 1, 1, 1, 1, 1, 1, 1, 1, 1, 1, 1, 1, 1, 1, 1, 1, 1, 0, 1, 1, 1, 0, 1, 0, 1, 1, 1, 1, 1, 1, 1, 1, 1, 1, 1, 1, 1, 1, 0, 1, 1, 1, 1, 0, 1, 0, 1, 1, 1, 1, 1, 1, 1, 1, 1, 1, 1, 0, 0, 1, 1, 1, 1, 1, 1, 0, 1, 1, 1, 1, 1, 1, 1, 1, 1, 1, 1, 1, 1, 1, 1, 1, 1, 0, 1, 1, 1, 0, 1, 1, 1, 1, 1, 1, 1, 1, 1, 1, 1, 1, 1, 1, 1, 1, 1, 1, 0, 0, 0, 0, 1, 1, 1, 1, 1, 1, 1, 1, 1, 1, 1, 1, 0, 1, 1, 0, 1, 1, 1, 1, 1, 1, 1, 0, 1, 1, 1, 1, 1, 1, 0, 1, 1, 1, 1, 1, 1, 1, 1, 1, 0, 0, 1, 1, 1, 0], 'temp_z': [1, 1, 1, 1, 1, 1, 1, 1, 1, 1, 1, 1, 1, 1, 1, 1, 1, 1, 1, 1, 1, 1, 1, 1, 1, 1, 1, 1, 1, 1], 'temp_host': [0, 0, 0, 1, 0, 0, 1, 0, 0, 0, 0, 0, 1, 0, 0, 0, 0, 0, 0, 1, 0, 0, 0, 0, 0, 0, 0, 0, 1, 0, 0, 0, 0, 1, 0, 0, 0, 0, 0, 0, 1, 0, 0, 0, 0, 0, 0, 1, 0, 1, 0, 1, 0, 0, 1, 0, 0, 1, 0, 0, 0, 0, 1, 0, 0, 0, 0, 0, 1, 0, 0, 1, 0, 1, 0, 0, 1, 0, 0, 0, 0, 1, 0, 0, 1, 0, 1, 0, 0, 1, 0, 0, 0, 0, 1, 0, 0, 0, 1, 0, 0, 0, 0, 0, 1, 0, 0, 0, 0, 0, 0, 0, 0, 1, 0, 1, 0, 0, 0, 1, 0, 0, 0, 0, 1, 0, 1, 0, 0, 0, 0, 0, 0, 1, 0, 0, 0, 0], 'min_meetings': 18}