Period one
Number of students: 24
Number of girls/boys: 10/14

Event: 1
Group 1: G1, G7, B1, B2, B8, Host: G7
Group 2: G3, G10, B3, B5, B12, Host: G10
Group 3: G2, G6, B4, B14, Host: G2
Group 4: G4, G8, B9, B10, B13, Host: G4
Group 5: G5, G9, B6, B7, B11, Host: B7
Event: 2
Group 1: G1, G9, B5, B9, Host: G1
Group 2: G2, G5, B2, B3, B13, Host: B13
Group 3: G6, G10, B6, B8, B10, Host: B6
Group 4: G3, G8, B1, B11, B14, Host: B14
Group 5: G4, G7, B4, B7, B12, Host: B4
Event: 3
Group 1: G1, G8, B8, B12, B13, Host: B8
Group 2: G2, G3, B7, B10, Host: B10
Group 3: G5, G6, B1, B4, B9, Host: B9
Group 4: G7, G9, B3, B6, B14, Host: G9
Group 5: G4, G10, B2, B5, B11, Host: B2
Event: 4
Group 1: G1, G5, B5, B10, B14, Host: B5
Group 2: G9, G10, B1, B13, Host: B1
Group 3: G2, G7, B9, B11, B12, Host: B12
Group 4: G4, G6, B3, B7, B8, Host: G6
Group 5: G3, G8, B2, B4, B6, Host: B6
Event: 5
Group 1: G1, G10, B3, B4, B11, Host: B4
Group 2: G3, G5, B8, B9, Host: G5
Group 3: G7, G8, B5, B7, B13, Host: G8
Group 4: G6, G9, B2, B12, B14, Host: B14
Group 5: G2, G4, B1, B6, B10, Host: G2
Event: 6
Group 1: G1, G3, B2, B6, B13, Host: G3
Group 2: G2, G9, B4, B5, B8, Host: B5
Group 3: G6, G7, B10, B11, Host: B11
Group 4: G4, G10, B7, B9, B14, Host: G10
Group 5: G5, G8, B1, B3, B12, Host: B3

--------------------------------------------------
The smallest number of meetings a student obtain in the event period: 18
The total number of meetings in the event period: 476
The gap value for the event period: 15.97%
Total solution time for the event period: 3601.28s
--------------------------------------------------
{'temp_x': [0, 2, 1, 3, 4, 2, 0, 3, 4, 1, 0, 0, 1, 2, 1, 4, 4, 0, 3, 3, 4, 1, 3, 2, 0, 1, 3, 4, 1, 2, 4, 3, 0, 2, 3, 1, 1, 4, 0, 2, 4, 2, 0, 2, 3, 4, 1, 3, 0, 1, 1, 4, 2, 2, 3, 0, 3, 4, 2, 4, 3, 2, 4, 3, 1, 0, 2, 1, 4, 0, 0, 3, 0, 2, 4, 3, 0, 3, 2, 4, 1, 1, 1, 4, 3, 4, 0, 4, 3, 3, 2, 0, 2, 2, 1, 0, 0, 4, 1, 4, 1, 3, 2, 2, 3, 0, 4, 3, 0, 0, 2, 4, 2, 1, 1, 4, 0, 3, 2, 3, 0, 1, 0, 3, 4, 2, 2, 4, 1, 3, 4, 0, 4, 1, 1, 0, 3, 1, 3, 2, 2, 4, 0, 3], 'temp_y': [0, 1, 0, 1, 0, 1, 1, 1, 1, 1, 1, 1, 1, 1, 1, 0, 1, 1, 1, 1, 1, 1, 1, 0, 1, 1, 1, 1, 1, 0, 1, 0, 1, 1, 1, 1, 1, 1, 1, 1, 1, 1, 1, 1, 1, 1, 1, 1, 0, 1, 0, 0, 1, 0, 1, 1, 1, 1, 1, 1, 1, 1, 1, 1, 1, 1, 1, 1, 1, 0, 1, 0, 0, 1, 1, 1, 0, 1, 1, 1, 1, 1, 1, 1, 1, 1, 1, 1, 1, 1, 1, 1, 1, 1, 1, 0, 1, 0, 1, 1, 0, 1, 1, 1, 1, 1, 1, 1, 1, 1, 1, 1, 1, 1, 1, 0, 1, 0, 1, 1, 1, 0, 1, 1, 1, 1, 1, 1, 0, 1, 1, 1, 1, 1, 1, 1, 0, 1, 1, 1, 0, 1, 0, 1, 1, 1, 0, 1, 1, 1, 1, 1, 1, 1, 1, 1, 1, 1, 1, 1, 1, 1, 0, 1, 1, 1, 0, 1, 0, 0, 1, 1, 1, 1, 1, 1, 1, 1, 1, 1, 1, 1, 1, 1, 1, 1, 0, 0, 1, 1, 1, 0, 1, 1, 1, 1, 1, 1, 1, 1, 1, 1, 0, 1, 1, 1, 1, 1, 0, 1, 1, 0, 1, 0, 0, 1, 1, 1, 1, 1, 1, 1, 1, 1, 1, 1, 1, 1, 1, 1, 1, 1, 1, 1, 1, 1, 1, 1, 1, 1, 1, 1, 1, 0, 1, 0, 1, 1, 1, 1, 1, 1, 1, 1, 1, 1, 1, 1, 1, 1, 1, 1, 1, 1, 1, 1, 1, 1, 0, 1, 0, 0, 1, 1, 1, 1, 1, 1, 1, 1, 1, 1, 1, 1, 1, 1, 1, 1, 1, 1, 1, 1, 1, 0, 0, 1, 1, 1, 1, 1, 1, 1, 1, 1, 1, 1, 1, 1, 1, 1, 1, 1, 1, 1, 1, 1, 1, 0, 1, 1, 0, 1, 1, 1, 1, 1, 1, 0, 1, 1, 1, 1, 0, 1, 1, 1, 0, 1, 1, 1, 1, 1, 1, 1, 1, 1, 1, 1, 1, 1, 1, 1, 1, 1, 1, 1, 1, 1, 1, 0, 1, 1, 0, 1, 1, 0, 1, 1, 0, 1, 1, 1, 1, 1, 1, 1, 1, 1, 0, 0, 1, 1, 1, 1, 1, 1, 1, 1, 1, 1, 1, 1, 1, 1, 1, 1, 1, 1, 1, 1, 1, 1, 1, 1, 1, 1, 1, 1, 1, 1, 0, 1, 1, 0, 1, 1, 1, 1, 1, 1, 1, 1, 1, 1, 1, 0, 0, 1, 1, 0, 1, 1, 1, 1, 1, 1, 1, 1, 1, 1, 1, 1, 1, 1, 1, 0, 1, 1, 0, 0, 0, 1, 1, 1, 1, 1, 1, 0, 1, 1, 1, 1, 1, 1, 1, 1, 1, 1, 1, 1, 1, 1, 1, 1, 1, 1, 1, 0, 1, 1, 1, 0, 1, 1, 1, 1, 1, 1, 1, 1, 1, 1, 1, 1, 1, 1, 1, 1, 0, 1, 1, 1, 0, 1, 1, 1, 1, 1, 1, 1, 1, 0, 1, 1, 1, 1, 1, 1, 1, 0, 1, 1, 1, 1, 1, 1, 0, 1, 0, 1, 1, 1, 1, 1, 1, 1, 1, 1, 1, 1, 1, 1, 1, 1, 1, 1, 0, 1, 1, 1, 1, 0], 'temp_z': [1, 1, 1, 1, 1, 0, 1, 1, 1, 1, 1, 0, 1, 1, 1, 1, 1, 0, 1, 1, 1, 1, 1, 0, 1, 1, 1, 1, 1, 0, 1, 1, 1, 1, 1, 0], 'temp_host': [0, 1, 0, 0, 0, 0, 1, 0, 0, 0, 1, 0, 0, 0, 0, 0, 0, 1, 1, 0, 0, 0, 0, 0, 0, 0, 0, 0, 1, 0, 0, 0, 0, 1, 0, 0, 1, 0, 0, 0, 0, 0, 0, 0, 0, 0, 1, 0, 0, 0, 1, 0, 0, 0, 1, 0, 0, 0, 0, 1, 0, 0, 0, 1, 0, 0, 0, 0, 1, 0, 0, 0, 0, 0, 0, 0, 0, 1, 0, 1, 0, 0, 1, 0, 0, 0, 0, 1, 0, 1, 0, 1, 0, 1, 0, 0, 1, 0, 0, 0, 0, 0, 0, 0, 1, 0, 0, 0, 0, 0, 1, 0, 0, 0, 0, 0, 1, 0, 0, 0, 0, 0, 0, 0, 0, 1, 0, 0, 0, 1, 0, 0, 0, 1, 0, 0, 0, 0, 0, 1, 0, 0, 1, 0], 'min_meetings': 18}