Period one
Number of students: 24
Number of girls/boys: 4/20

Event: 1
Group 1: G1, G4, B9, B14, B20, Host: G4
Group 2: G2, G3, B13, B15, B19, Host: G3
Group 3: B8, B12, B16, B18, Host: B8
Group 4: B1, B3, B4, B7, B10, Host: B3
Group 5: B2, B5, B6, B11, B17, Host: B2
Event: 2
Group 1: G1, G3, B3, B11, B12, Host: B12
Group 2: G2, G4, B1, B2, B16, Host: B16
Group 3: B4, B17, B18, B19, B20, Host: B18
Group 4: B5, B8, B10, B14, B15, Host: B15
Group 5: B6, B7, B9, B13, Host: B13
Event: 3
Group 1: G1, G4, B4, B5, B13, Host: G1
Group 2: G2, G3, B8, B9, B17, Host: B9
Group 3: B7, B12, B14, B16, B20, Host: B20
Group 4: B2, B3, B6, B10, B19, Host: B10
Group 5: B1, B11, B15, B18, Host: B1
Event: 4
Group 1: G1, G2, B2, B14, Host: B14
Group 2: G3, G4, B10, B18, Host: B18
Group 3: B1, B12, B13, B17, Host: B17
Group 4: B4, B6, B15, B20, Host: B4
Group 5: B3, B5, B9, B16, Host: B3
Group 6: B7, B8, B11, B19, Host: B19
Event: 5
Group 1: G1, G4, B3, B15, B17, Host: B15
Group 2: G2, G3, B5, B7, B20, Host: B5
Group 3: B1, B6, B8, B14, B18, Host: B6
Group 4: B10, B11, B13, B16, Host: B11
Group 5: B2, B4, B9, B12, B19, Host: B2
Event: 6
Group 1: G1, G2, B6, B10, B12, Host: G2
Group 2: G3, G4, B4, B11, B14, Host: B14
Group 3: B1, B5, B16, B17, B19, Host: B19
Group 4: B2, B3, B8, B13, B20, Host: B8
Group 5: B7, B9, B15, B18, Host: B7

--------------------------------------------------
The smallest number of meetings a student obtain in the event period: 17
The total number of meetings in the event period: 466
The gap value for the event period: 18.45%
Total solution time for the event period: 3601.44s
--------------------------------------------------
{'temp_x': [0, 1, 1, 0, 3, 4, 3, 3, 4, 4, 3, 2, 0, 3, 4, 2, 1, 0, 1, 2, 4, 2, 1, 0, 0, 1, 0, 1, 1, 1, 0, 2, 3, 4, 4, 3, 4, 3, 0, 0, 4, 3, 3, 1, 2, 2, 2, 2, 0, 1, 1, 0, 4, 3, 3, 0, 0, 3, 2, 1, 1, 3, 4, 2, 0, 2, 4, 2, 1, 4, 3, 2, 0, 0, 1, 1, 2, 0, 4, 3, 4, 3, 5, 5, 4, 1, 5, 2, 2, 0, 3, 4, 2, 1, 5, 3, 0, 1, 1, 0, 2, 4, 0, 4, 1, 2, 1, 2, 4, 3, 3, 4, 3, 2, 0, 3, 0, 2, 4, 1, 0, 0, 1, 1, 2, 3, 3, 1, 2, 0, 4, 3, 4, 0, 1, 0, 3, 1, 4, 2, 2, 4, 2, 3], 'temp_y': [1, 1, 1, 0, 1, 1, 1, 1, 1, 0, 0, 1, 1, 1, 1, 1, 1, 1, 0, 1, 0, 0, 1, 1, 1, 1, 1, 1, 0, 0, 1, 1, 1, 1, 1, 1, 0, 1, 1, 1, 1, 1, 1, 0, 1, 1, 1, 1, 1, 0, 0, 1, 1, 1, 0, 1, 1, 1, 1, 1, 1, 1, 1, 1, 0, 1, 1, 1, 1, 1, 1, 1, 1, 1, 1, 1, 1, 0, 0, 0, 1, 1, 1, 0, 1, 1, 1, 1, 1, 1, 0, 1, 0, 1, 0, 1, 1, 1, 1, 1, 1, 1, 1, 0, 1, 1, 1, 1, 1, 1, 1, 1, 1, 1, 0, 1, 1, 0, 1, 1, 1, 1, 1, 1, 0, 1, 1, 1, 1, 1, 1, 1, 0, 1, 1, 0, 1, 1, 1, 0, 1, 1, 1, 1, 1, 1, 1, 1, 1, 1, 1, 1, 1, 1, 0, 1, 1, 1, 0, 1, 1, 1, 0, 1, 1, 1, 1, 1, 1, 1, 1, 0, 1, 1, 1, 1, 1, 1, 1, 0, 1, 1, 1, 1, 1, 1, 1, 1, 1, 1, 1, 1, 1, 1, 1, 1, 1, 1, 0, 1, 1, 1, 1, 1, 0, 1, 1, 1, 1, 0, 0, 1, 1, 1, 1, 1, 1, 1, 1, 1, 1, 1, 1, 1, 1, 0, 1, 1, 1, 1, 0, 1, 1, 0, 1, 0, 1, 1, 1, 1, 1, 1, 1, 1, 1, 1, 1, 1, 1, 0, 1, 1, 1, 0, 1, 1, 0, 1, 1, 1, 0, 1, 1, 1, 1, 1, 1, 1, 1, 1, 1, 1, 1, 1, 1, 1, 1, 1, 1, 1, 0, 1, 1, 1, 1, 1, 1, 1, 0, 0, 1, 1, 1, 1, 1, 1, 1, 1, 1, 1, 1, 1, 1, 1, 1, 1, 1, 1, 1, 1, 1, 0, 1, 1, 1, 1, 1, 1, 0, 1, 1, 0, 1, 0, 1, 1, 1, 1, 1, 1, 1, 1, 1, 1, 0, 1, 1, 1, 1, 1, 1, 1, 1, 1, 0, 1, 1, 1, 0, 1, 1, 1, 1, 0, 1, 1, 1, 1, 1, 1, 1, 1, 0, 1, 1, 1, 1, 1, 1, 1, 1, 1, 1, 1, 1, 1, 1, 1, 1, 1, 1, 1, 1, 1, 0, 1, 1, 1, 0, 1, 1, 1, 1, 1, 1, 1, 1, 0, 1, 1, 1, 1, 1, 1, 1, 1, 1, 0, 1, 1, 0, 1, 0, 1, 1, 1, 1, 1, 1, 0, 1, 1, 1, 1, 1, 1, 1, 1, 1, 0, 1, 1, 0, 1, 1, 1, 1, 0, 1, 0, 1, 1, 1, 1, 0, 1, 0, 1, 1, 1, 1, 1, 1, 1, 1, 0, 1, 1, 1, 1, 1, 1, 1, 1, 1, 1, 1, 1, 1, 1, 0, 1, 1, 0, 1, 1, 1, 0, 1, 1, 1, 1, 1, 0, 0, 1, 1, 1, 0, 0, 1, 0, 1, 1, 1, 1, 1, 1, 1, 0, 1, 1, 1, 1, 1, 1, 0, 1, 1, 0, 1, 1, 1, 1, 1, 1, 1, 1, 1, 1, 1, 1, 1, 0, 1, 1, 1, 1, 1, 1, 1, 1, 1, 0, 1, 1, 1, 1, 1, 1, 1, 1, 0, 0, 1, 1, 1, 1, 1, 1, 1, 1], 'temp_z': [1, 1, 1, 1, 1, 0, 1, 1, 1, 1, 1, 0, 1, 1, 1, 1, 1, 0, 1, 1, 1, 1, 1, 1, 1, 1, 1, 1, 1, 0, 1, 1, 1, 1, 1, 0], 'temp_host': [0, 0, 1, 0, 0, 0, 0, 0, 0, 0, 0, 1, 1, 0, 0, 0, 0, 0, 1, 0, 0, 0, 0, 0, 0, 0, 1, 0, 0, 0, 1, 0, 0, 0, 1, 0, 1, 0, 0, 1, 0, 0, 0, 0, 0, 1, 0, 0, 0, 0, 0, 0, 1, 0, 0, 0, 0, 0, 1, 0, 0, 0, 0, 0, 0, 1, 1, 0, 0, 0, 0, 1, 0, 0, 1, 0, 0, 0, 0, 0, 1, 0, 0, 0, 0, 0, 0, 0, 1, 0, 0, 1, 0, 0, 0, 0, 0, 1, 0, 0, 0, 0, 0, 0, 0, 1, 0, 1, 0, 1, 0, 0, 1, 0, 0, 1, 0, 0, 0, 0, 0, 0, 0, 1, 0, 0, 0, 1, 0, 1, 0, 0, 0, 0, 0, 1, 0, 1, 0, 0, 1, 0, 0, 0], 'min_meetings': 17}