Period one
Number of students: 24
Number of girls/boys: 6/18

Event: 1
Group 1: G1, G3, B5, B10, B13, Host: B5
Group 2: G5, G6, B6, B9, B11, Host: G6
Group 3: G2, G4, B1, B4, B7, Host: B4
Group 4: B14, B16, B17, B18, Host: B14
Group 5: B2, B3, B8, B12, B15, Host: B15
Event: 2
Group 1: G1, G5, B1, B12, B17, Host: G5
Group 2: G2, G6, B2, B13, B16, Host: B2
Group 3: G3, G4, B6, B15, Host: G4
Group 4: B3, B4, B5, B11, B18, Host: B18
Group 5: B7, B8, B9, B10, B14, Host: B7
Event: 3
Group 1: G1, G2, B3, B9, Host: B3
Group 2: G4, G6, B5, B8, B17, Host: B8
Group 3: G3, G5, B2, B7, B18, Host: G3
Group 4: B4, B6, B12, B13, B14, Host: B12
Group 5: B1, B10, B11, B15, B16, Host: B11
Event: 4
Group 1: G1, G5, B6, B8, B16, Host: B16
Group 2: G3, G6, B1, B3, B4, Host: B1
Group 3: G2, G4, B10, B12, B18, Host: B10
Group 4: B7, B11, B13, B17, Host: B17
Group 5: B2, B5, B9, B14, B15, Host: B9
Event: 5
Group 1: G1, G6, B7, B15, B18, Host: G1
Group 2: G4, G5, B3, B13, B14, Host: G4
Group 3: G2, G3, B5, B8, B11, Host: G2
Group 4: B1, B2, B6, B10, B17, Host: B2
Group 5: B4, B9, B12, B16, Host: B4
Event: 6
Group 1: G1, G4, B2, B11, Host: B11
Group 2: G3, G6, B10, B12, B14, Host: B14
Group 3: G2, G5, B4, B15, B17, Host: B15
Group 4: B1, B8, B9, B13, B18, Host: B13
Group 5: B3, B5, B6, B7, B16, Host: B6

--------------------------------------------------
The smallest number of meetings a student obtain in the event period: 19
The total number of meetings in the event period: 502
The gap value for the event period: 9.96%
Total solution time for the event period: 3601.79s
--------------------------------------------------
{'temp_x': [0, 2, 0, 2, 1, 1, 2, 4, 4, 2, 0, 1, 2, 4, 1, 0, 1, 4, 0, 3, 4, 3, 3, 3, 0, 1, 2, 2, 0, 1, 0, 1, 3, 3, 3, 2, 4, 4, 4, 4, 3, 0, 1, 4, 2, 1, 0, 3, 0, 0, 2, 1, 2, 1, 4, 2, 0, 3, 1, 3, 2, 1, 0, 4, 4, 3, 3, 3, 4, 4, 1, 2, 0, 2, 1, 2, 0, 1, 1, 4, 1, 1, 4, 0, 3, 0, 4, 2, 3, 2, 3, 4, 4, 0, 3, 2, 0, 2, 2, 1, 1, 0, 3, 3, 1, 4, 2, 3, 0, 2, 4, 3, 2, 4, 1, 1, 0, 4, 3, 0, 0, 2, 1, 0, 2, 1, 3, 0, 4, 2, 4, 4, 4, 3, 3, 1, 0, 1, 3, 1, 2, 4, 2, 3], 'temp_y': [1, 1, 1, 1, 1, 1, 1, 1, 0, 1, 1, 1, 1, 1, 1, 1, 1, 1, 0, 1, 1, 1, 1, 1, 1, 1, 1, 1, 1, 1, 1, 1, 1, 0, 1, 1, 1, 1, 1, 1, 1, 0, 1, 1, 1, 1, 1, 1, 1, 1, 1, 1, 1, 1, 1, 1, 1, 1, 1, 0, 1, 1, 1, 1, 1, 1, 0, 0, 1, 1, 1, 1, 1, 1, 1, 1, 1, 1, 1, 1, 1, 1, 0, 1, 1, 1, 1, 1, 1, 0, 1, 1, 1, 1, 1, 1, 1, 1, 1, 1, 1, 0, 1, 1, 1, 1, 0, 1, 1, 1, 1, 1, 1, 1, 1, 1, 1, 1, 1, 1, 1, 1, 1, 1, 1, 1, 1, 1, 1, 1, 1, 1, 1, 1, 1, 1, 1, 1, 1, 1, 1, 1, 1, 1, 1, 1, 1, 0, 1, 1, 1, 1, 1, 1, 1, 1, 0, 1, 1, 1, 1, 1, 1, 1, 1, 1, 1, 1, 1, 0, 1, 1, 1, 1, 1, 1, 1, 1, 1, 1, 1, 1, 1, 1, 1, 1, 1, 1, 1, 1, 1, 1, 1, 1, 1, 1, 1, 1, 0, 1, 1, 1, 1, 1, 1, 0, 1, 0, 1, 1, 1, 1, 1, 1, 0, 1, 1, 1, 1, 0, 1, 0, 1, 1, 1, 1, 1, 1, 1, 1, 1, 1, 1, 1, 0, 1, 0, 1, 1, 1, 1, 1, 1, 1, 1, 1, 0, 1, 1, 1, 1, 1, 1, 1, 0, 1, 1, 1, 1, 1, 1, 1, 1, 1, 1, 1, 1, 1, 1, 1, 1, 1, 1, 1, 1, 0, 1, 1, 1, 1, 1, 1, 1, 1, 1, 1, 1, 1, 1, 1, 1, 1, 0, 1, 1, 1, 1, 1, 1, 1, 1, 1, 1, 1, 1, 1, 1, 1, 0, 1, 1, 1, 1, 1, 1, 1, 1, 1, 1, 1, 1, 1, 1, 1, 0, 0, 1, 1, 1, 1, 1, 1, 1, 1, 1, 1, 1, 1, 1, 1, 1, 1, 1, 0, 1, 1, 1, 1, 1, 0, 1, 1, 1, 0, 0, 1, 1, 1, 1, 1, 1, 1, 1, 1, 1, 1, 1, 1, 1, 1, 1, 1, 1, 1, 1, 1, 1, 1, 1, 1, 1, 1, 1, 1, 0, 1, 0, 1, 1, 1, 1, 1, 1, 1, 1, 1, 1, 1, 1, 1, 1, 0, 1, 0, 1, 1, 1, 0, 1, 1, 1, 1, 1, 1, 1, 1, 1, 1, 1, 1, 1, 1, 1, 1, 1, 1, 1, 1, 1, 1, 1, 1, 1, 0, 1, 1, 1, 0, 0, 1, 1, 1, 1, 0, 1, 1, 1, 1, 1, 1, 1, 1, 1, 0, 1, 1, 1, 1, 1, 1, 1, 1, 1, 1, 1, 1, 1, 1, 1, 1, 1, 1, 1, 1, 1, 1, 1, 1, 0, 1, 1, 1, 1, 1, 1, 0, 0, 1, 1, 1, 1, 1, 1, 1, 1, 1, 1, 1, 1, 1, 1, 1, 1, 1, 1, 1, 1, 1, 0, 1, 1, 1, 1, 1, 0, 1, 1, 1, 1, 1, 0, 1, 1, 1, 1, 1, 1, 1, 1, 1, 1, 1, 1, 1, 1, 1, 1, 1, 1, 1, 0, 1, 1, 1, 1, 1, 1, 1, 1, 1, 1, 1], 'temp_z': [1, 1, 1, 1, 1, 0, 1, 1, 1, 1, 1, 0, 1, 1, 1, 1, 1, 0, 1, 1, 1, 1, 1, 0, 1, 1, 1, 1, 1, 0, 1, 1, 1, 1, 1, 0], 'temp_host': [0, 0, 0, 0, 1, 0, 0, 0, 0, 0, 1, 0, 0, 0, 1, 0, 0, 0, 0, 1, 0, 0, 1, 0, 0, 1, 0, 0, 0, 0, 1, 0, 0, 0, 0, 0, 0, 0, 0, 1, 0, 0, 0, 1, 0, 0, 1, 0, 0, 0, 1, 0, 0, 0, 1, 0, 0, 0, 1, 0, 1, 0, 0, 0, 0, 0, 0, 0, 0, 0, 0, 1, 0, 1, 0, 0, 0, 0, 0, 0, 1, 0, 0, 0, 0, 0, 0, 1, 0, 0, 0, 0, 0, 1, 0, 0, 0, 0, 1, 0, 0, 1, 0, 0, 1, 0, 0, 0, 0, 0, 0, 0, 0, 1, 1, 0, 0, 0, 0, 1, 1, 0, 0, 0, 0, 1, 0, 0, 0, 1, 0, 0, 0, 0, 0, 1, 0, 0, 0, 1, 0, 0, 0, 0], 'min_meetings': 19}