Period one
Number of students: 24
Number of girls/boys: 7/17
Student B1 and B2 will not meet.

Event: 1
Group 1: G1, G5, G6, B7, B17, Host: G5
Group 2: G2, G7, B2, B14, Host: G7
Group 3: G3, G4, B3, B8, B10, Host: B10
Group 4: B4, B6, B9, B12, B15, Host: B6
Group 5: B1, B5, B11, B13, B16, Host: B13
Event: 2
Group 1: G1, G3, G7, B9, B11, Host: G3
Group 2: G2, G5, B8, B15, B16, Host: B15
Group 3: G4, G6, B1, B12, Host: B1
Group 4: B3, B4, B7, B13, B14, Host: B14
Group 5: B2, B5, B6, B10, B17, Host: B2
Event: 3
Group 1: G1, G4, B2, B13, B15, Host: G1
Group 2: G5, G6, G7, B4, B5, Host: G6
Group 3: G2, G3, B1, B7, B10, Host: G2
Group 4: B3, B9, B16, B17, Host: B16
Group 5: B6, B8, B11, B12, B14, Host: B12
Event: 4
Group 1: G1, G7, B1, B3, B8, Host: B8
Group 2: G3, G4, G5, B14, B17, Host: G4
Group 3: G2, G6, B6, B9, B13, Host: B9
Group 4: B2, B4, B10, B12, B16, Host: B4
Group 5: B5, B7, B11, B15, Host: B5
Event: 5
Group 1: G1, G2, G3, B5, B12, Host: G1
Group 2: G4, G7, B6, B7, B16, Host: B7
Group 3: G5, G6, B2, B3, B11, Host: B11
Group 4: B4, B8, B13, B15, B17, Host: B17
Group 5: B1, B9, B10, B14, Host: B14
Event: 6
Group 1: G1, G5, G7, B10, B13, Host: B10
Group 2: G3, G6, B14, B15, B16, Host: G3
Group 3: G2, G4, B4, B11, Host: G2
Group 4: B1, B3, B6, B12, B17, Host: B3
Group 5: B2, B5, B7, B8, B9, Host: B8

--------------------------------------------------
The smallest number of meetings a student obtain in the event period: 19
The total number of meetings in the event period: 488
The gap value for the event period: 13.11%
Total solution time for the event period: 3601.67s
--------------------------------------------------
{'temp_x': [0, 1, 2, 2, 0, 0, 1, 4, 1, 2, 3, 4, 3, 0, 2, 3, 2, 4, 3, 4, 1, 3, 4, 0, 0, 1, 0, 2, 1, 2, 0, 2, 4, 3, 3, 4, 4, 3, 1, 0, 4, 0, 2, 3, 3, 1, 1, 4, 0, 2, 2, 0, 1, 1, 1, 2, 0, 3, 1, 1, 4, 2, 4, 3, 2, 4, 4, 0, 4, 0, 3, 3, 0, 2, 1, 1, 1, 2, 0, 0, 3, 0, 3, 4, 2, 4, 0, 2, 3, 4, 3, 2, 1, 4, 3, 1, 0, 0, 0, 1, 2, 2, 1, 4, 2, 2, 3, 0, 1, 1, 3, 4, 4, 2, 0, 3, 4, 3, 1, 3, 0, 2, 1, 2, 0, 1, 0, 3, 4, 3, 2, 4, 3, 4, 4, 4, 0, 2, 3, 0, 1, 1, 1, 3], 'temp_y': [1, 1, 1, 1, 1, 1, 1, 1, 1, 0, 1, 0, 1, 1, 1, 1, 1, 1, 1, 0, 1, 0, 1, 1, 1, 1, 1, 1, 1, 1, 1, 0, 1, 1, 1, 1, 1, 1, 1, 1, 1, 1, 1, 1, 1, 0, 1, 1, 1, 1, 1, 1, 1, 0, 1, 0, 1, 0, 1, 1, 1, 1, 1, 1, 0, 1, 1, 1, 1, 1, 1, 1, 1, 1, 1, 1, 1, 1, 1, 0, 1, 1, 1, 0, 1, 1, 1, 1, 1, 1, 1, 1, 1, 1, 1, 1, 1, 1, 0, 1, 1, 1, 1, 0, 1, 1, 0, 1, 1, 0, 1, 1, 1, 1, 1, 1, 1, 1, 1, 1, 1, 1, 1, 1, 1, 1, 1, 1, 0, 1, 0, 1, 1, 1, 1, 1, 1, 1, 1, 1, 1, 1, 1, 1, 1, 1, 1, 1, 1, 1, 1, 1, 1, 1, 1, 0, 1, 1, 0, 1, 0, 1, 1, 1, 1, 0, 1, 1, 0, 1, 0, 1, 1, 1, 1, 1, 1, 1, 1, 1, 1, 0, 1, 1, 1, 1, 0, 1, 1, 1, 1, 0, 1, 1, 1, 1, 1, 1, 1, 1, 1, 1, 1, 1, 1, 1, 1, 1, 0, 1, 1, 1, 1, 1, 1, 1, 1, 0, 1, 1, 1, 1, 1, 1, 1, 1, 1, 0, 1, 1, 0, 1, 0, 1, 1, 1, 1, 0, 1, 1, 1, 1, 1, 1, 1, 1, 1, 1, 1, 1, 1, 1, 1, 1, 1, 1, 0, 1, 1, 1, 1, 1, 0, 1, 1, 1, 1, 1, 1, 1, 1, 1, 0, 1, 1, 1, 0, 1, 0, 1, 0, 1, 1, 1, 1, 1, 1, 1, 1, 1, 1, 1, 1, 1, 1, 1, 1, 1, 1, 1, 1, 1, 1, 1, 1, 1, 1, 1, 1, 1, 1, 1, 1, 1, 1, 1, 0, 1, 1, 1, 1, 1, 1, 1, 1, 1, 1, 0, 1, 1, 1, 1, 1, 1, 1, 1, 1, 1, 1, 1, 1, 1, 1, 1, 1, 1, 1, 1, 0, 0, 1, 1, 1, 1, 1, 1, 1, 1, 1, 1, 1, 1, 1, 1, 1, 1, 1, 1, 1, 1, 1, 1, 1, 0, 1, 1, 1, 1, 1, 1, 1, 1, 1, 1, 0, 1, 1, 1, 0, 1, 1, 1, 1, 1, 1, 1, 1, 1, 1, 1, 1, 1, 1, 1, 1, 1, 1, 0, 1, 1, 1, 1, 1, 0, 1, 1, 1, 1, 0, 1, 0, 1, 1, 1, 1, 1, 1, 0, 1, 1, 1, 1, 0, 1, 1, 1, 1, 1, 1, 0, 1, 1, 1, 1, 1, 1, 1, 1, 1, 1, 1, 1, 1, 1, 1, 0, 1, 1, 1, 1, 0, 1, 1, 1, 1, 1, 1, 1, 1, 1, 1, 0, 1, 1, 1, 1, 1, 1, 1, 1, 1, 1, 1, 1, 1, 1, 1, 1, 1, 0, 0, 1, 0, 1, 1, 1, 1, 1, 1, 0, 1, 1, 1, 1, 1, 1, 0, 1, 1, 1, 1, 1, 1, 1, 1, 1, 1, 1, 1, 1, 1, 1, 1, 1, 1, 1, 1, 1, 1, 1, 0, 1, 1, 1, 1, 0, 1, 1, 1, 1, 1, 1, 1, 1, 1, 1, 0, 1, 1, 1, 1, 1], 'temp_z': [1, 1, 1, 1, 1, 0, 1, 1, 1, 1, 1, 0, 1, 1, 1, 1, 1, 0, 1, 1, 1, 1, 1, 0, 1, 1, 1, 1, 1, 0, 1, 1, 1, 1, 1, 0], 'temp_host': [0, 0, 1, 0, 1, 0, 0, 0, 1, 0, 0, 1, 0, 1, 0, 0, 0, 1, 0, 0, 0, 1, 0, 0, 1, 0, 0, 0, 0, 0, 0, 0, 1, 0, 0, 0, 1, 0, 0, 0, 0, 0, 0, 1, 0, 0, 0, 0, 0, 1, 0, 0, 0, 0, 0, 0, 0, 0, 0, 1, 0, 0, 0, 1, 0, 0, 0, 0, 0, 1, 0, 0, 1, 0, 0, 0, 0, 0, 0, 0, 0, 0, 1, 0, 0, 0, 0, 1, 0, 1, 0, 0, 0, 1, 0, 0, 1, 0, 0, 0, 0, 1, 0, 0, 0, 0, 1, 0, 0, 0, 1, 0, 0, 0, 1, 0, 0, 0, 0, 0, 0, 1, 0, 0, 1, 0, 0, 1, 0, 0, 0, 0, 0, 0, 1, 0, 0, 0, 0, 0, 0, 0, 1, 0], 'min_meetings': 19}