Period two
Number of students: 24
Number of girls/boys: 7/17

Event: 1
Group 1: G1, G7, B6, B7, B17, Host: B7
Group 2: G2, G4, G6, B4, B13, Host: B13
Group 3: G3, G5, B5, B9, B11, Host: G3
Group 4: B2, B8, B10, B12, B15, Host: B15
Group 5: B1, B3, B14, B16, Host: B1
Event: 2
Group 1: G1, G3, G6, B8, B16, Host: B8
Group 2: G2, G7, B3, B10, B11, Host: B3
Group 3: G4, G5, B6, B14, B15, Host: G4
Group 4: B4, B7, B9, B12, Host: B4
Group 5: B1, B2, B5, B13, B17, Host: B5
Event: 3
Group 1: G1, G4, B3, B4, B17, Host: G1
Group 2: G2, G5, G6, B1, B12, Host: B1
Group 3: G3, G7, B2, B6, Host: G3
Group 4: B5, B7, B8, B11, B14, Host: B11
Group 5: B9, B10, B13, B15, B16, Host: B9
Event: 4
Group 1: G1, G2, B5, B6, B15, Host: G2
Group 2: G4, G5, G7, B8, B9, Host: B8
Group 3: G3, G6, B3, B7, B13, Host: B3
Group 4: B2, B10, B11, B12, B17, Host: B12
Group 5: B1, B4, B14, B16, Host: B14
Event: 5
Group 1: G1, G6, G7, B1, B2, Host: G1
Group 2: G2, G4, B4, B7, B17, Host: G4
Group 3: G3, G5, B6, B10, B14, Host: B6
Group 4: B9, B11, B13, B15, Host: B13
Group 5: B3, B5, B8, B12, B16, Host: B5
Event: 6
Group 1: G1, G4, G5, B3, B11, Host: B11
Group 2: G3, G6, B5, B15, B17, Host: B17
Group 3: G2, G7, B13, B14, B16, Host: G7
Group 4: B2, B4, B8, B10, Host: B8
Group 5: B1, B6, B7, B9, B12, Host: B9

--------------------------------------------------
The smallest number of meetings a student obtain after the two event periods: 23
The total number of meetings after the two event periods: 552
The gap value for the two event periods: 0%
Total solution time for the second period: 71.23s
--------------------------------------------------
{'temp_x': [0, 2, 0, 2, 1, 0, 1, 0, 2, 4, 4, 3, 4, 2, 0, 3, 1, 4, 1, 4, 3, 3, 2, 1, 0, 2, 2, 1, 0, 1, 1, 3, 3, 3, 2, 1, 1, 0, 4, 4, 4, 4, 3, 0, 0, 3, 4, 2, 0, 2, 0, 0, 1, 1, 2, 2, 4, 0, 1, 3, 4, 2, 4, 3, 0, 2, 3, 3, 4, 1, 1, 4, 0, 0, 2, 1, 0, 1, 2, 4, 4, 3, 4, 3, 2, 3, 3, 0, 4, 1, 1, 2, 1, 3, 2, 0, 0, 1, 2, 0, 2, 1, 0, 3, 2, 3, 0, 2, 4, 4, 1, 4, 1, 2, 4, 1, 3, 0, 3, 3, 0, 0, 0, 2, 2, 1, 1, 2, 1, 1, 4, 4, 2, 4, 2, 1, 4, 3, 0, 3, 4, 3, 0, 3, 0, 1, 2, 1, 2, 1, 0, 4, 3, 4, 1, 2, 0, 0, 3, 2, 3, 2, 3, 1, 4, 3, 4, 0, 0, 1, 0, 2, 2, 0, 1, 4, 4, 1, 3, 4, 2, 3, 0, 3, 1, 1, 3, 4, 2, 2, 0, 4, 0, 1, 2, 0, 1, 1, 2, 1, 2, 0, 0, 3, 2, 3, 3, 4, 4, 3, 1, 4, 3, 4, 4, 0, 0, 0, 2, 1, 1, 2, 1, 4, 3, 2, 4, 0, 0, 2, 1, 1, 3, 3, 3, 2, 4, 0, 4, 3, 0, 1, 2, 1, 2, 0, 0, 0, 0, 4, 1, 4, 2, 1, 4, 3, 2, 3, 4, 3, 2, 3, 4, 1, 0, 2, 1, 0, 0, 1, 2, 4, 3, 0, 3, 1, 4, 4, 3, 4, 3, 0, 4, 2, 2, 1, 2, 1], 'temp_y': [1, 1, 1, 1, 1, 1, 1, 1, 1, 1, 1, 1, 1, 1, 1, 1, 1, 1, 1, 1, 1, 1, 1, 1, 1, 1, 1, 1, 1, 1, 1, 1, 1, 1, 1, 1, 1, 1, 1, 1, 1, 1, 1, 1, 1, 1, 1, 1, 1, 1, 1, 1, 1, 1, 1, 1, 1, 1, 1, 1, 1, 1, 1, 1, 1, 1, 1, 1, 1, 1, 1, 1, 1, 1, 1, 1, 1, 1, 1, 1, 1, 1, 1, 1, 1, 1, 1, 1, 1, 1, 1, 1, 1, 1, 1, 1, 1, 1, 1, 1, 1, 1, 1, 1, 1, 1, 1, 1, 1, 1, 1, 1, 1, 1, 1, 1, 1, 1, 1, 1, 1, 1, 1, 1, 1, 1, 1, 1, 1, 1, 1, 1, 1, 1, 1, 1, 1, 1, 1, 1, 1, 1, 1, 1, 1, 1, 1, 1, 1, 1, 1, 1, 1, 1, 1, 1, 1, 1, 1, 1, 1, 1, 1, 1, 1, 1, 1, 1, 1, 1, 1, 1, 1, 1, 1, 1, 1, 1, 1, 1, 1, 1, 1, 1, 1, 1, 1, 1, 1, 1, 1, 1, 1, 1, 1, 1, 1, 1, 1, 1, 1, 1, 1, 1, 1, 1, 1, 1, 1, 1, 1, 1, 1, 1, 1, 1, 1, 1, 1, 1, 1, 1, 1, 1, 1, 1, 1, 1, 1, 1, 1, 1, 1, 1, 1, 1, 1, 1, 1, 1, 1, 1, 1, 1, 1, 1, 1, 1, 1, 1, 1, 1, 1, 1, 1, 1, 1, 1, 1, 1, 1, 1, 1, 1, 1, 1, 1, 1, 1, 1, 1, 1, 1, 1, 1, 1, 1, 1, 1, 1, 1, 1, 1, 1, 1, 1, 1, 1, 1, 1, 1, 1, 1, 1, 1, 1, 1, 1, 1, 1, 1, 1, 1, 1, 1, 1, 1, 1, 1, 1, 1, 1, 1, 1, 1, 1, 1, 1, 1, 1, 1, 1, 1, 1, 1, 1, 1, 1, 1, 1, 1, 1, 1, 1, 1, 1, 1, 1, 1, 1, 1, 1, 1, 1, 1, 1, 1, 1, 1, 1, 1, 1, 1, 1, 1, 1, 1, 1, 1, 1, 1, 1, 1, 1, 1, 1, 1, 1, 1, 1, 1, 1, 1, 1, 1, 1, 1, 1, 1, 1, 1, 1, 1, 1, 1, 1, 1, 1, 1, 1, 1, 1, 1, 1, 1, 1, 1, 1, 1, 1, 1, 1, 1, 1, 1, 1, 1, 1, 1, 1, 1, 1, 1, 1, 1, 1, 1, 1, 1, 1, 1, 1, 1, 1, 1, 1, 1, 1, 1, 1, 1, 1, 1, 1, 1, 1, 1, 1, 1, 1, 1, 1, 1, 1, 1, 1, 1, 1, 1, 1, 1, 1, 1, 1, 1, 1, 1, 1, 1, 1, 1, 1, 1, 1, 1, 1, 1, 1, 1, 1, 1, 1, 1, 1, 1, 1, 1, 1, 1, 1, 1, 1, 1, 1, 1, 1, 1, 1, 1, 1, 1, 1, 1, 1, 1, 1, 1, 1, 1, 1, 1, 1, 1, 1, 1, 1, 1, 1, 1, 1, 1, 1, 1, 1, 1, 1, 1, 1, 1, 1, 1, 1, 1, 1, 1, 1, 1, 1, 1, 1, 1, 1, 1, 1, 1, 1, 1, 1, 1, 1, 1, 1, 1, 1, 1, 1, 1, 1, 1, 1, 1, 1], 'temp_z': [1, 1, 1, 1, 1, 0, 1, 1, 1, 1, 1, 0, 1, 1, 1, 1, 1, 0, 1, 1, 1, 1, 1, 0, 1, 1, 1, 1, 1, 0, 1, 1, 1, 1, 1, 0, 1, 1, 1, 1, 1, 0, 1, 1, 1, 1, 1, 0, 1, 1, 1, 1, 1, 0, 1, 1, 1, 1, 1, 0, 1, 1, 1, 1, 1, 0, 1, 1, 1, 1, 1, 0], 'temp_host': [0, 0, 0, 0, 0, 1, 0, 0, 1, 0, 1, 0, 0, 0, 1, 0, 1, 0, 0, 0, 0, 1, 0, 0, 0, 1, 0, 0, 0, 0, 1, 0, 1, 0, 0, 0, 0, 0, 1, 0, 0, 0, 0, 1, 0, 0, 1, 0, 0, 0, 0, 0, 0, 1, 0, 0, 0, 0, 0, 0, 1, 0, 0, 0, 0, 0, 0, 0, 0, 0, 0, 0, 0, 0, 0, 0, 1, 0, 0, 0, 0, 0, 0, 1, 0, 0, 0, 1, 0, 0, 1, 0, 1, 0, 0, 0, 0, 0, 0, 0, 1, 0, 0, 0, 0, 0, 0, 0, 0, 1, 0, 0, 0, 0, 0, 1, 0, 1, 0, 0, 1, 0, 1, 0, 0, 0, 0, 1, 0, 0, 0, 0, 0, 0, 0, 0, 0, 1, 0, 1, 0, 0, 1, 0, 0, 1, 0, 0, 1, 0, 0, 0, 0, 0, 1, 0, 1, 0, 0, 0, 0, 0, 1, 0, 0, 0, 0, 0, 0, 0, 0, 1, 0, 0, 0, 1, 0, 1, 0, 1, 0, 0, 0, 1, 0, 1, 0, 0, 1, 0, 0, 1, 0, 1, 0, 0, 0, 0, 0, 0, 0, 0, 0, 0, 0, 0, 0, 0, 0, 1, 0, 0, 1, 0, 0, 1, 0, 0, 1, 0, 0, 0, 0, 0, 0, 1, 0, 0, 0, 0, 0, 1, 0, 0, 1, 0, 0, 0, 1, 0, 0, 1, 0, 1, 0, 0, 0, 0, 0, 1, 0, 0, 1, 0, 0, 0, 0, 0, 1, 0, 0, 0, 0, 0, 0, 0, 0, 0, 1, 0, 0, 0, 0, 0, 0, 0, 1, 0, 1, 0, 0, 0, 0, 0, 0, 0, 0, 1], 'min_meetings': 23}