Period one
Number of students: 25
Number of girls/boys: 10/15

Event: 1
Group 1: G1, G9, B1, B12, B13, Host: G1
Group 2: G5, G6, B2, B5, B7, Host: G6
Group 3: G4, G7, B8, B11, B15, Host: G7
Group 4: G2, G8, B4, B6, B14, Host: B6
Group 5: G3, G10, B3, B9, B10, Host: G10
Event: 2
Group 1: G1, G5, B6, B9, B15, Host: B9
Group 2: G3, G4, B4, B5, B13, Host: B4
Group 3: G8, G9, B2, B3, B11, Host: B3
Group 4: G6, G10, B1, B8, B14, Host: B8
Group 5: G2, G7, B7, B10, B12, Host: B10
Event: 3
Group 1: G1, G8, B5, B8, B10, Host: B5
Group 2: G6, G7, B4, B9, B11, Host: B11
Group 3: G9, G10, B6, B7, B13, Host: B13
Group 4: G4, G5, B3, B12, B14, Host: B14
Group 5: G2, G3, B1, B2, B15, Host: G3
Event: 4
Group 1: G1, G2, B3, B7, B11, Host: G2
Group 2: G4, G7, B2, B6, B8, Host: G4
Group 3: G3, G9, B5, B9, B14, Host: B9
Group 4: G6, G8, B12, B13, B15, Host: G8
Group 5: G5, G10, B1, B4, B10, Host: G5
Event: 5
Group 1: G1, G6, B2, B10, B14, Host: B10
Group 2: G3, G5, B6, B11, B12, Host: B12
Group 3: G7, G10, B3, B5, B15, Host: B15
Group 4: G4, G8, B1, B7, B9, Host: B7
Group 5: G2, G9, B4, B8, B13, Host: B8
Event: 6
Group 1: G1, G3, B3, B7, B8, Host: G1
Group 2: G2, G6, B1, B5, B6, Host: B1
Group 3: G5, G7, B9, B13, B14, Host: B13
Group 4: G4, G9, B10, B11, B15, Host: G9
Group 5: G8, G10, B2, B4, B12, Host: B2

--------------------------------------------------
The smallest number of meetings a student obtain in the event period: 19
The total number of meetings in the event period: 514
The gap value for the event period: 16.73%
Total solution time for the event period: 3601.56s
--------------------------------------------------
{'temp_x': [0, 3, 4, 2, 1, 1, 2, 3, 0, 4, 0, 1, 4, 3, 1, 3, 1, 2, 4, 4, 2, 0, 0, 3, 2, 0, 4, 1, 1, 0, 3, 4, 2, 2, 3, 3, 2, 2, 1, 1, 0, 4, 3, 0, 4, 2, 4, 1, 3, 0, 0, 4, 4, 3, 3, 1, 1, 0, 2, 2, 4, 4, 3, 1, 0, 2, 2, 0, 1, 0, 1, 3, 2, 3, 4, 0, 0, 2, 1, 4, 3, 1, 3, 2, 4, 4, 1, 0, 4, 2, 1, 0, 1, 2, 4, 0, 3, 3, 2, 3, 0, 4, 1, 3, 1, 0, 2, 3, 4, 2, 3, 0, 2, 4, 2, 1, 3, 4, 3, 0, 1, 1, 4, 0, 2, 0, 1, 0, 3, 2, 1, 2, 4, 3, 4, 1, 4, 0, 4, 1, 1, 0, 0, 2, 3, 3, 4, 2, 2, 3], 'temp_y': [1, 1, 0, 1, 1, 0, 1, 1, 0, 1, 1, 1, 0, 1, 1, 1, 1, 1, 1, 1, 1, 1, 1, 1, 1, 1, 0, 0, 1, 1, 1, 1, 0, 1, 1, 1, 1, 1, 1, 1, 1, 0, 1, 1, 1, 1, 1, 1, 1, 1, 1, 1, 0, 0, 0, 1, 1, 1, 1, 1, 1, 1, 1, 1, 1, 1, 1, 1, 1, 1, 1, 1, 0, 0, 1, 1, 0, 1, 1, 1, 0, 1, 1, 1, 1, 1, 1, 1, 1, 1, 1, 1, 1, 1, 1, 1, 1, 0, 1, 1, 1, 1, 0, 0, 1, 1, 1, 1, 1, 1, 1, 1, 0, 1, 1, 1, 1, 1, 1, 1, 1, 1, 0, 0, 1, 1, 1, 0, 1, 1, 1, 0, 1, 1, 1, 1, 1, 1, 1, 1, 1, 1, 1, 1, 0, 1, 0, 1, 1, 1, 0, 0, 1, 0, 1, 1, 1, 1, 1, 1, 1, 1, 1, 1, 1, 1, 1, 1, 1, 1, 0, 1, 0, 1, 0, 1, 1, 1, 1, 1, 1, 1, 1, 1, 1, 1, 1, 1, 1, 1, 1, 1, 1, 1, 1, 1, 0, 0, 0, 1, 1, 1, 1, 1, 1, 1, 1, 1, 1, 1, 1, 1, 1, 1, 1, 1, 0, 0, 1, 0, 1, 1, 1, 1, 1, 1, 1, 1, 1, 1, 1, 1, 1, 1, 1, 0, 1, 1, 1, 1, 1, 1, 1, 1, 1, 1, 0, 1, 1, 1, 1, 0, 1, 1, 1, 1, 1, 1, 1, 0, 1, 1, 1, 1, 1, 1, 1, 1, 1, 1, 1, 1, 1, 1, 1, 1, 1, 1, 1, 1, 1, 0, 1, 1, 1, 0, 1, 1, 1, 1, 1, 1, 1, 0, 1, 1, 1, 1, 0, 1, 0, 1, 0, 1, 1, 1, 1, 1, 1, 0, 1, 1, 0, 1, 1, 1, 1, 1, 1, 1, 1, 1, 1, 1, 0, 1, 1, 0, 1, 1, 1, 1, 1, 1, 1, 0, 1, 1, 1, 1, 1, 1, 1, 1, 1, 1, 1, 1, 1, 1, 1, 1, 1, 1, 1, 0, 0, 1, 1, 1, 1, 1, 1, 1, 1, 1, 1, 1, 1, 1, 1, 1, 0, 1, 1, 1, 1, 1, 0, 1, 1, 1, 1, 1, 1, 1, 1, 1, 1, 1, 1, 1, 1, 1, 1, 1, 1, 0, 1, 1, 1, 1, 1, 1, 1, 1, 0, 0, 1, 1, 1, 1, 0, 1, 1, 1, 1, 1, 1, 1, 1, 1, 1, 1, 1, 0, 1, 1, 0, 1, 1, 1, 1, 0, 1, 1, 1, 1, 1, 1, 1, 1, 1, 0, 1, 1, 1, 1, 1, 0, 1, 1, 0, 1, 1, 1, 1, 1, 1, 1, 1, 1, 1, 1, 1, 1, 1, 1, 1, 1, 1, 0, 1, 1, 1, 1, 1, 0, 1, 1, 1, 1, 1, 1, 1, 1, 1, 1, 1, 0, 0, 1, 1, 1, 0, 1, 1, 1, 1, 1, 1, 0, 0, 1, 1, 1, 1, 1, 1, 1, 1, 1, 1, 1, 1, 1, 1, 1, 0, 1, 1, 0, 0, 1, 1, 1, 1, 1, 1, 1, 1, 1, 1, 1, 1, 1, 1, 1, 1, 0, 0, 1, 1, 1, 1, 1, 1, 0, 0, 1, 1, 1, 1, 1, 1, 1, 1, 1, 1, 1, 1, 1, 1, 1, 1, 1, 1, 1, 0, 1, 1, 1, 0, 1, 1, 0, 1, 1, 1, 1, 1, 1, 1, 1, 1, 1, 1, 1, 1, 0, 1, 1, 0, 1, 1, 1, 1, 1, 1, 0], 'temp_z': [1, 1, 1, 1, 1, 0, 1, 1, 1, 1, 1, 0, 1, 1, 1, 1, 1, 0, 1, 1, 1, 1, 1, 0, 1, 1, 1, 1, 1, 0, 1, 1, 1, 1, 1, 0], 'temp_host': [1, 0, 0, 0, 0, 1, 0, 0, 0, 1, 0, 0, 0, 0, 1, 0, 0, 0, 0, 0, 0, 1, 0, 0, 0, 0, 0, 1, 0, 0, 1, 0, 0, 0, 0, 0, 1, 0, 0, 0, 0, 0, 0, 0, 0, 1, 0, 0, 0, 0, 0, 0, 0, 1, 1, 0, 0, 0, 0, 0, 0, 0, 0, 0, 0, 1, 0, 0, 0, 0, 0, 1, 0, 1, 0, 0, 0, 0, 0, 1, 0, 0, 0, 0, 0, 0, 1, 0, 0, 0, 1, 0, 0, 0, 0, 0, 0, 0, 0, 0, 1, 0, 0, 1, 0, 0, 1, 0, 0, 1, 0, 1, 0, 0, 0, 1, 0, 0, 1, 0, 0, 0, 1, 0, 0, 0, 0, 0, 0, 0, 1, 0, 0, 0, 1, 0, 0, 1, 0, 0, 1, 0, 0, 0, 0, 0, 0, 0, 1, 0], 'min_meetings': 19}