Period one
Number of students: 25
Number of girls/boys: 12/13

Event: 1
Group 1: G1, G11, B3, B5, B13, Host: B3
Group 2: G4, G7, G9, B10, B12, Host: B10
Group 3: G6, G10, B2, B6, B8, Host: B8
Group 4: G2, G5, B1, B9, B11, Host: G5
Group 5: G3, G8, G12, B4, B7, Host: G3
Event: 2
Group 1: G1, G3, G7, B1, B2, Host: B2
Group 2: G2, G6, G8, B5, B12, Host: G2
Group 3: G5, G12, B3, B6, B10, Host: G12
Group 4: G4, G10, B4, B9, B13, Host: G4
Group 5: G9, G11, B7, B8, B11, Host: G11
Event: 3
Group 1: G1, G2, G4, B6, B7, Host: G1
Group 2: G8, G9, G10, B1, B3, Host: B1
Group 3: G5, G7, B4, B5, B8, Host: B8
Group 4: G6, G11, B2, B9, B10, Host: G6
Group 5: G3, G12, B11, B12, B13, Host: B12
Event: 4
Group 1: G1, G10, G12, B8, B9, Host: G10
Group 2: G5, G6, B1, B7, B13, Host: B7
Group 3: G4, G8, B2, B4, B11, Host: B4
Group 4: G2, G7, G11, B3, B12, Host: G11
Group 5: G3, G9, B5, B6, B10, Host: G3
Event: 5
Group 1: G1, G6, G9, B3, B4, Host: G9
Group 2: G2, G10, B7, B10, B11, Host: B11
Group 3: G7, G8, B6, B8, B13, Host: G7
Group 4: G3, G5, B2, B9, B12, Host: B9
Group 5: G4, G11, G12, B1, B5, Host: G12
Event: 6
Group 1: G1, G5, G8, B1, B10, Host: G8
Group 2: G3, G4, B3, B7, B8, Host: B3
Group 3: G10, G11, B4, B6, B12, Host: B6
Group 4: G2, G9, G12, B2, B13, Host: B13
Group 5: G6, G7, B5, B9, B11, Host: B5

--------------------------------------------------
The smallest number of meetings a student obtain in the event period: 19
The total number of meetings in the event period: 522
The gap value for the event period: 14.94%
Total solution time for the event period: 3601.35s
--------------------------------------------------
{'temp_x': [0, 3, 4, 1, 3, 2, 1, 4, 1, 2, 0, 4, 3, 2, 0, 4, 0, 2, 4, 2, 3, 1, 3, 1, 0, 0, 1, 0, 3, 2, 1, 0, 1, 4, 3, 4, 2, 0, 0, 2, 3, 1, 2, 4, 4, 3, 2, 4, 1, 3, 0, 0, 4, 0, 2, 3, 2, 1, 1, 1, 3, 4, 1, 3, 1, 2, 2, 0, 0, 2, 3, 3, 4, 4, 4, 0, 3, 4, 2, 1, 1, 3, 2, 4, 0, 3, 0, 1, 2, 3, 2, 4, 4, 1, 0, 0, 4, 2, 3, 1, 0, 1, 3, 4, 3, 0, 2, 2, 0, 1, 4, 4, 4, 3, 0, 0, 4, 2, 1, 2, 3, 1, 1, 3, 2, 0, 3, 1, 1, 0, 4, 4, 0, 3, 2, 2, 3, 0, 3, 1, 2, 4, 2, 1, 1, 4, 0, 4, 2, 3], 'temp_y': [1, 1, 1, 1, 1, 1, 1, 1, 1, 1, 1, 1, 1, 1, 1, 1, 1, 1, 1, 1, 1, 0, 0, 1, 1, 0, 1, 1, 1, 1, 1, 1, 1, 1, 1, 1, 1, 1, 0, 1, 1, 1, 0, 1, 1, 1, 1, 1, 1, 0, 1, 1, 0, 1, 1, 1, 0, 0, 1, 1, 1, 1, 1, 1, 1, 1, 1, 1, 1, 1, 1, 1, 1, 1, 1, 0, 0, 1, 1, 1, 1, 1, 1, 1, 1, 1, 1, 1, 1, 1, 1, 1, 1, 1, 1, 1, 1, 1, 1, 0, 1, 1, 1, 0, 0, 0, 1, 1, 1, 1, 1, 1, 1, 1, 1, 1, 1, 1, 1, 1, 1, 1, 0, 0, 1, 1, 1, 1, 1, 1, 0, 1, 1, 1, 1, 1, 1, 1, 1, 1, 1, 1, 1, 1, 1, 1, 1, 1, 1, 1, 1, 1, 0, 1, 0, 1, 1, 1, 1, 1, 1, 0, 1, 1, 1, 1, 1, 1, 1, 1, 1, 1, 1, 1, 1, 1, 1, 0, 1, 1, 1, 1, 1, 1, 1, 1, 1, 0, 1, 1, 1, 1, 1, 1, 1, 1, 0, 1, 1, 1, 1, 1, 1, 1, 1, 1, 1, 1, 1, 1, 1, 0, 1, 1, 1, 1, 1, 1, 0, 1, 0, 1, 0, 1, 1, 1, 1, 1, 1, 1, 1, 0, 1, 1, 1, 1, 1, 1, 1, 1, 1, 1, 0, 1, 0, 1, 1, 0, 1, 1, 1, 1, 1, 1, 1, 1, 1, 1, 1, 1, 1, 1, 1, 1, 1, 1, 1, 1, 1, 0, 0, 1, 1, 1, 1, 1, 1, 1, 1, 1, 1, 1, 1, 1, 1, 1, 1, 1, 1, 1, 1, 1, 1, 1, 1, 1, 1, 1, 1, 1, 1, 1, 0, 1, 0, 1, 0, 1, 1, 1, 0, 1, 1, 1, 1, 1, 1, 1, 1, 1, 1, 1, 1, 1, 1, 0, 1, 0, 1, 0, 1, 1, 1, 1, 1, 1, 1, 1, 1, 1, 1, 1, 1, 1, 1, 1, 1, 1, 1, 0, 1, 1, 1, 1, 1, 0, 1, 0, 1, 1, 1, 0, 1, 1, 1, 1, 1, 1, 1, 1, 1, 1, 0, 1, 1, 1, 1, 1, 1, 1, 0, 1, 1, 1, 1, 1, 1, 1, 1, 1, 1, 1, 1, 0, 1, 1, 1, 0, 1, 1, 1, 0, 1, 1, 1, 1, 1, 1, 1, 1, 1, 1, 1, 1, 1, 1, 1, 1, 1, 1, 0, 1, 1, 1, 1, 1, 1, 0, 1, 0, 1, 1, 1, 1, 1, 1, 1, 1, 0, 1, 1, 1, 1, 1, 1, 0, 1, 1, 0, 1, 1, 0, 1, 1, 0, 1, 1, 0, 1, 1, 1, 1, 1, 1, 1, 1, 1, 1, 0, 1, 1, 1, 1, 1, 1, 1, 0, 1, 0, 1, 1, 1, 1, 1, 1, 1, 1, 0, 0, 1, 1, 1, 1, 1, 0, 1, 1, 0, 0, 1, 1, 1, 1, 1, 1, 1, 1, 1, 1, 1, 1, 1, 1, 1, 1, 1, 1, 1, 1, 0, 1, 1, 1, 0, 1, 1, 1, 0, 0, 1, 1, 1, 1, 1, 1, 1, 1, 1, 1, 1, 1, 1, 0, 1, 1, 0, 1, 1, 1, 1, 1, 1, 0, 1, 1, 1, 1, 1, 1, 1, 1, 1, 1, 1, 0, 1, 1, 1, 1, 1, 0, 0, 1, 1, 1, 1, 1, 1, 1, 1, 1, 1, 1, 1, 1, 1, 1, 1, 1, 1, 1, 1, 1, 1, 1, 1, 1, 0, 1, 1], 'temp_z': [1, 1, 1, 1, 1, 0, 1, 1, 1, 1, 1, 0, 1, 1, 1, 1, 1, 0, 1, 1, 1, 1, 1, 0, 1, 1, 1, 1, 1, 0, 1, 1, 1, 1, 1, 0], 'temp_host': [0, 0, 1, 0, 0, 0, 0, 1, 0, 0, 0, 0, 1, 0, 0, 1, 0, 0, 0, 1, 0, 0, 0, 0, 1, 0, 0, 0, 0, 0, 0, 0, 1, 0, 0, 0, 0, 0, 0, 0, 1, 0, 0, 0, 0, 0, 0, 1, 0, 0, 0, 0, 1, 0, 0, 0, 0, 1, 0, 0, 0, 1, 0, 1, 0, 0, 0, 1, 0, 0, 1, 0, 0, 0, 1, 0, 0, 0, 0, 1, 0, 0, 0, 0, 1, 0, 0, 0, 0, 1, 0, 0, 0, 1, 0, 0, 0, 0, 0, 0, 0, 1, 0, 0, 0, 0, 0, 1, 0, 0, 0, 1, 0, 0, 1, 0, 1, 0, 0, 0, 0, 0, 0, 0, 1, 0, 1, 0, 0, 0, 0, 0, 0, 0, 0, 0, 1, 0, 0, 0, 1, 0, 0, 0, 0, 0, 0, 0, 0, 1], 'min_meetings': 19}