Period one
Number of students: 25
Number of girls/boys: 4/21

Event: 1
Group 1: G1, G4, B11, B19, B21, Host: B21
Group 2: G2, G3, B3, B5, B7, Host: B3
Group 3: B2, B12, B13, B16, B17, Host: B16
Group 4: B6, B8, B9, B10, B15, Host: B15
Group 5: B1, B4, B14, B18, B20, Host: B4
Event: 2
Group 1: G1, G3, B6, B16, B20, Host: B20
Group 2: G2, G4, B1, B8, B17, Host: G2
Group 3: B2, B3, B9, B11, B18, Host: B9
Group 4: B4, B5, B10, B12, B21, Host: B12
Group 5: B7, B13, B14, B15, B19, Host: B7
Event: 3
Group 1: G1, G2, B4, B9, B13, Host: B13
Group 2: G3, G4, B2, B10, B14, Host: G3
Group 3: B1, B3, B6, B12, B19, Host: B3
Group 4: B7, B8, B11, B16, B21, Host: B11
Group 5: B5, B15, B17, B18, B20, Host: B18
Event: 4
Group 1: G1, G3, B7, B12, B17, Host: G1
Group 2: G2, G4, B6, B18, B21, Host: G4
Group 3: B2, B4, B8, B15, B19, Host: B19
Group 4: B1, B5, B9, B14, B16, Host: B9
Group 5: B3, B10, B11, B13, B20, Host: B10
Event: 5
Group 1: G1, G2, B5, B10, B15, Host: B5
Group 2: G3, G4, B3, B4, B16, Host: B16
Group 3: B1, B2, B7, B20, B21, Host: B2
Group 4: B6, B9, B13, B17, B19, Host: B17
Group 5: B8, B11, B12, B14, B18, Host: B8
Event: 6
Group 1: G1, G3, B1, B8, B13, Host: B1
Group 2: G2, G4, B9, B12, B20, Host: B20
Group 3: B7, B10, B16, B18, B19, Host: B19
Group 4: B2, B4, B5, B6, B11, Host: B6
Group 5: B3, B14, B15, B17, B21, Host: B14

--------------------------------------------------
The smallest number of meetings a student obtain in the event period: 18
The total number of meetings in the event period: 518
The gap value for the event period: 15.83%
Total solution time for the event period: 3601.48s
--------------------------------------------------
{'temp_x': [0, 1, 1, 0, 4, 2, 1, 4, 1, 3, 1, 3, 3, 3, 0, 2, 2, 4, 3, 2, 2, 4, 0, 4, 0, 0, 1, 0, 1, 1, 2, 2, 3, 3, 0, 4, 1, 2, 3, 2, 3, 4, 4, 4, 0, 1, 2, 4, 0, 3, 0, 0, 1, 1, 2, 1, 2, 0, 4, 2, 3, 3, 0, 1, 3, 2, 0, 1, 4, 3, 4, 4, 2, 4, 3, 0, 1, 0, 1, 3, 2, 4, 2, 3, 1, 0, 2, 3, 4, 4, 0, 4, 3, 2, 3, 0, 1, 2, 4, 1, 0, 0, 1, 1, 2, 2, 1, 1, 0, 3, 2, 4, 3, 0, 4, 4, 3, 4, 0, 1, 3, 4, 3, 2, 2, 0, 1, 0, 1, 0, 3, 4, 3, 3, 3, 2, 0, 1, 2, 3, 1, 0, 4, 4, 2, 4, 2, 2, 1, 4], 'temp_y': [1, 1, 1, 1, 0, 0, 1, 1, 1, 1, 1, 1, 1, 1, 1, 1, 0, 1, 1, 1, 0, 1, 1, 1, 1, 1, 1, 1, 0, 1, 1, 1, 1, 1, 1, 1, 1, 0, 1, 1, 0, 1, 0, 1, 1, 0, 1, 1, 1, 1, 1, 1, 1, 1, 1, 1, 1, 1, 1, 0, 1, 0, 1, 1, 1, 0, 1, 1, 0, 0, 1, 0, 1, 1, 1, 1, 1, 1, 1, 0, 1, 0, 1, 1, 1, 1, 1, 0, 1, 0, 1, 1, 1, 1, 1, 1, 1, 1, 1, 1, 1, 1, 1, 1, 1, 1, 1, 1, 0, 0, 1, 1, 1, 0, 1, 1, 1, 1, 1, 1, 0, 0, 1, 1, 1, 1, 1, 1, 1, 1, 1, 1, 1, 1, 1, 1, 1, 1, 1, 1, 1, 1, 1, 1, 0, 1, 1, 1, 1, 1, 1, 1, 1, 1, 0, 1, 1, 1, 1, 1, 1, 1, 1, 1, 1, 1, 1, 1, 1, 1, 1, 1, 1, 1, 1, 1, 1, 0, 1, 1, 1, 1, 1, 1, 1, 1, 1, 0, 1, 1, 1, 1, 1, 1, 1, 0, 1, 1, 1, 1, 1, 1, 0, 1, 1, 1, 1, 0, 1, 1, 1, 1, 1, 0, 1, 1, 1, 1, 1, 1, 1, 1, 1, 1, 1, 0, 1, 1, 1, 1, 1, 1, 0, 1, 1, 1, 1, 1, 1, 1, 1, 1, 1, 0, 1, 1, 1, 0, 1, 0, 1, 0, 1, 1, 1, 1, 1, 1, 1, 1, 1, 1, 1, 1, 1, 1, 1, 1, 1, 1, 0, 1, 0, 1, 1, 1, 1, 1, 1, 1, 1, 1, 1, 1, 1, 1, 0, 1, 1, 1, 0, 1, 1, 1, 1, 1, 1, 1, 0, 1, 1, 1, 1, 1, 1, 1, 1, 1, 1, 1, 1, 0, 1, 1, 1, 1, 0, 1, 1, 1, 1, 1, 1, 1, 1, 1, 1, 1, 1, 1, 1, 0, 1, 1, 1, 1, 1, 0, 0, 1, 0, 1, 1, 1, 1, 1, 1, 1, 1, 1, 1, 1, 1, 0, 1, 0, 1, 1, 1, 1, 1, 1, 1, 1, 1, 1, 1, 1, 1, 1, 1, 1, 1, 1, 1, 1, 1, 0, 1, 1, 1, 1, 1, 1, 1, 1, 1, 0, 1, 1, 1, 1, 0, 1, 1, 1, 1, 1, 1, 1, 1, 1, 1, 1, 0, 1, 1, 0, 0, 0, 1, 1, 1, 1, 1, 1, 1, 0, 1, 1, 1, 1, 1, 1, 1, 1, 1, 1, 1, 1, 1, 1, 1, 1, 0, 0, 0, 1, 1, 1, 1, 1, 1, 1, 1, 1, 0, 0, 1, 1, 0, 1, 1, 1, 1, 1, 1, 0, 1, 1, 1, 1, 1, 1, 1, 1, 1, 1, 1, 1, 1, 1, 1, 1, 0, 1, 1, 1, 1, 1, 1, 1, 1, 1, 1, 1, 1, 0, 1, 1, 1, 1, 1, 0, 0, 1, 1, 1, 1, 1, 1, 1, 1, 1, 0, 1, 0, 1, 1, 1, 1, 1, 1, 1, 1, 1, 1, 1, 1, 1, 0, 1, 1, 1, 1, 1, 1, 1, 1, 0, 0, 1, 1, 1, 1, 1, 0, 1, 1, 1, 1, 1, 1, 1, 1, 1, 1, 1, 1, 1, 0, 1, 1, 1, 1, 1, 1, 1, 1, 1, 1, 1, 1, 0, 1, 1, 1, 1, 1, 1, 1, 1, 1, 1, 0, 1, 1, 1, 0, 1, 1, 1, 1, 1, 1, 1, 1, 1, 0, 1, 1, 1, 0, 1, 1, 1, 1, 1, 1, 1], 'temp_z': [1, 1, 1, 1, 1, 0, 1, 1, 1, 1, 1, 0, 1, 1, 1, 1, 1, 0, 1, 1, 1, 1, 1, 0, 1, 1, 1, 1, 1, 0, 1, 1, 1, 1, 1, 0], 'temp_host': [0, 0, 0, 1, 0, 0, 0, 1, 0, 0, 0, 0, 0, 0, 1, 0, 0, 0, 0, 0, 0, 1, 0, 0, 0, 0, 0, 0, 0, 1, 0, 0, 0, 0, 1, 0, 1, 0, 1, 0, 0, 0, 1, 0, 0, 0, 0, 0, 0, 0, 0, 0, 1, 0, 0, 0, 0, 0, 0, 1, 0, 1, 0, 0, 0, 0, 0, 0, 0, 0, 1, 0, 0, 1, 0, 1, 0, 0, 0, 0, 0, 1, 0, 0, 0, 0, 1, 0, 0, 0, 0, 1, 0, 0, 0, 0, 0, 0, 1, 0, 0, 0, 0, 0, 0, 0, 0, 1, 1, 0, 0, 0, 0, 0, 1, 0, 0, 0, 1, 0, 0, 0, 0, 0, 1, 0, 0, 0, 1, 0, 0, 0, 0, 0, 0, 1, 0, 1, 0, 1, 0, 0, 0, 1, 1, 0, 0, 0, 0, 0], 'min_meetings': 18}