Period one
Number of students: 25
Number of girls/boys: 6/19

Event: 1
Group 1: G1, G2, B10, B14, B17, Host: B14
Group 2: G5, G6, B4, B13, B18, Host: G5
Group 3: G3, G4, B3, B6, B8, Host: B3
Group 4: B1, B2, B12, B15, B19, Host: B1
Group 5: B5, B7, B9, B11, B16, Host: B7
Event: 2
Group 1: G1, G5, B5, B6, Host: G1
Group 2: G3, G6, B16, B19, Host: G3
Group 3: G2, G4, B2, B7, B13, Host: B13
Group 4: B11, B12, B14, B18, Host: B18
Group 5: B8, B9, B10, B15, Host: B15
Group 6: B1, B3, B4, B17, Host: B4
Event: 3
Group 1: G1, G6, B3, B7, B14, Host: G6
Group 2: G4, G5, B1, B10, B16, Host: G5
Group 3: G2, G3, B5, B15, B18, Host: G2
Group 4: B6, B9, B12, B13, B17, Host: B12
Group 5: B2, B4, B8, B11, B19, Host: B2
Event: 4
Group 1: G1, G4, B13, B15, B19, Host: B15
Group 2: G2, G6, B8, B12, B16, Host: B8
Group 3: G3, G5, B2, B14, B17, Host: B17
Group 4: B4, B5, B7, B9, B10, Host: B9
Group 5: B1, B3, B6, B11, B18, Host: B1
Event: 5
Group 1: G1, G6, B1, B2, B9, Host: B2
Group 2: G4, G5, B3, B5, B12, Host: G4
Group 3: G2, G3, B10, B11, B13, Host: B10
Group 4: B4, B6, B14, B15, B16, Host: B14
Group 5: B7, B8, B17, B18, B19, Host: B19
Event: 6
Group 1: G1, G3, B4, B7, B12, Host: G1
Group 2: G2, G5, B6, B9, B19, Host: B6
Group 3: G4, G6, B11, B15, B17, Host: B11
Group 4: B1, B5, B8, B13, B14, Host: B5
Group 5: B2, B3, B10, B16, B18, Host: B16

--------------------------------------------------
The smallest number of meetings a student obtain in the event period: 19
The total number of meetings in the event period: 522
The gap value for the event period: 14.94%
Total solution time for the event period: 3601.65s
--------------------------------------------------
{'temp_x': [0, 0, 2, 2, 1, 1, 3, 3, 2, 1, 4, 2, 4, 2, 4, 0, 4, 3, 1, 0, 3, 4, 0, 1, 3, 0, 2, 1, 2, 0, 1, 5, 2, 5, 5, 0, 0, 2, 4, 4, 4, 3, 3, 2, 3, 4, 1, 5, 3, 1, 0, 2, 2, 1, 1, 0, 1, 4, 0, 4, 2, 3, 0, 4, 3, 1, 4, 3, 3, 0, 2, 1, 3, 2, 4, 0, 1, 2, 0, 2, 1, 4, 2, 4, 3, 3, 4, 3, 1, 3, 3, 4, 1, 0, 2, 0, 1, 2, 4, 0, 0, 2, 2, 1, 1, 0, 0, 0, 1, 3, 1, 3, 4, 4, 0, 2, 2, 1, 2, 3, 3, 3, 4, 4, 4, 0, 1, 0, 2, 1, 2, 3, 4, 4, 0, 3, 1, 0, 3, 1, 4, 2, 0, 3, 3, 2, 4, 2, 4, 1], 'temp_y': [1, 1, 1, 1, 1, 1, 1, 1, 1, 1, 1, 1, 0, 1, 1, 0, 1, 1, 1, 1, 0, 1, 0, 1, 1, 1, 1, 1, 1, 0, 1, 0, 0, 1, 1, 1, 1, 1, 1, 1, 1, 1, 1, 1, 1, 1, 1, 1, 1, 1, 1, 1, 1, 0, 1, 1, 1, 1, 1, 1, 1, 0, 1, 1, 1, 1, 1, 1, 1, 1, 1, 1, 1, 1, 1, 1, 1, 1, 1, 1, 0, 1, 1, 1, 1, 0, 1, 1, 1, 1, 0, 1, 1, 1, 0, 1, 1, 1, 1, 1, 1, 1, 1, 1, 1, 1, 1, 0, 0, 1, 1, 0, 1, 1, 1, 0, 1, 1, 1, 1, 1, 1, 1, 1, 1, 1, 1, 1, 1, 0, 0, 1, 1, 1, 0, 1, 1, 1, 1, 1, 1, 1, 1, 1, 1, 0, 0, 1, 1, 1, 1, 1, 1, 1, 1, 0, 1, 1, 1, 1, 1, 1, 1, 1, 1, 1, 1, 1, 1, 1, 1, 1, 1, 1, 1, 1, 1, 0, 0, 1, 1, 1, 1, 1, 1, 1, 1, 1, 1, 1, 1, 1, 1, 0, 1, 1, 1, 1, 1, 1, 1, 1, 1, 1, 1, 0, 1, 1, 1, 0, 1, 0, 1, 1, 1, 0, 1, 0, 1, 0, 1, 1, 1, 1, 1, 1, 1, 1, 1, 1, 1, 1, 1, 1, 1, 1, 1, 1, 1, 1, 1, 1, 1, 1, 1, 0, 1, 0, 1, 1, 1, 1, 1, 1, 1, 1, 1, 1, 1, 1, 1, 0, 1, 0, 1, 1, 1, 1, 1, 0, 1, 0, 1, 1, 1, 0, 1, 1, 0, 1, 1, 1, 1, 1, 1, 1, 1, 1, 1, 1, 1, 1, 0, 1, 0, 1, 1, 1, 1, 0, 1, 1, 1, 1, 1, 1, 1, 0, 1, 1, 1, 1, 0, 1, 1, 1, 0, 1, 1, 1, 1, 1, 1, 1, 1, 1, 1, 1, 1, 1, 1, 1, 1, 1, 1, 1, 1, 1, 0, 0, 1, 1, 1, 1, 0, 1, 1, 1, 1, 1, 1, 1, 1, 1, 0, 1, 1, 1, 0, 1, 1, 1, 1, 1, 1, 0, 1, 1, 1, 1, 1, 0, 1, 1, 1, 1, 0, 1, 1, 1, 1, 1, 1, 0, 0, 1, 1, 1, 0, 1, 1, 1, 1, 1, 1, 1, 1, 1, 1, 1, 1, 1, 1, 1, 1, 1, 1, 1, 1, 1, 1, 1, 1, 1, 1, 1, 1, 1, 1, 1, 1, 1, 1, 0, 1, 1, 1, 1, 1, 1, 1, 1, 1, 1, 1, 1, 1, 1, 1, 1, 0, 1, 1, 1, 1, 1, 1, 1, 1, 1, 1, 1, 0, 1, 1, 1, 1, 1, 1, 0, 1, 1, 1, 1, 1, 1, 1, 1, 1, 1, 0, 1, 1, 1, 1, 1, 1, 1, 1, 0, 1, 1, 1, 1, 0, 1, 1, 1, 0, 1, 1, 1, 0, 1, 1, 1, 1, 1, 1, 1, 1, 1, 1, 1, 0, 1, 1, 1, 1, 1, 1, 1, 1, 1, 1, 1, 1, 1, 1, 1, 1, 1, 0, 1, 1, 0, 1, 1, 1, 1, 1, 1, 1, 1, 1, 1, 1, 1, 0, 1, 1, 1, 1, 1, 1, 1, 1, 1, 1, 0, 1, 1, 0, 1, 1, 0, 1, 1, 1, 1, 1, 1, 1, 1, 1, 1, 0, 1, 1, 1, 1, 1, 1, 1, 1, 1, 1, 1, 1, 1, 1, 1, 1, 1, 0, 1, 0, 1, 1, 1, 1, 0, 1, 1, 1, 0, 1, 1, 1, 1], 'temp_z': [1, 1, 1, 1, 1, 0, 1, 1, 1, 1, 1, 1, 1, 1, 1, 1, 1, 0, 1, 1, 1, 1, 1, 0, 1, 1, 1, 1, 1, 0, 1, 1, 1, 1, 1, 0], 'temp_host': [0, 1, 0, 0, 0, 1, 0, 0, 1, 0, 0, 0, 0, 1, 0, 0, 0, 0, 0, 0, 0, 0, 1, 0, 1, 0, 1, 0, 0, 0, 0, 0, 1, 0, 0, 0, 1, 0, 0, 1, 0, 0, 0, 0, 1, 0, 1, 0, 1, 0, 0, 0, 0, 0, 0, 1, 0, 0, 0, 0, 0, 0, 0, 0, 0, 1, 0, 0, 0, 0, 0, 1, 1, 0, 0, 0, 0, 0, 0, 0, 0, 1, 0, 0, 0, 0, 0, 1, 0, 0, 0, 0, 0, 0, 1, 0, 0, 0, 0, 0, 0, 1, 0, 0, 1, 0, 0, 0, 0, 1, 0, 0, 0, 0, 1, 0, 0, 0, 1, 0, 0, 1, 0, 1, 0, 0, 0, 0, 0, 0, 0, 1, 0, 0, 0, 1, 0, 0, 0, 1, 0, 0, 0, 0, 0, 0, 0, 0, 1, 0], 'min_meetings': 19}