Period one
Number of students: 25
Number of girls/boys: 9/16

Event: 1
Group 1: G1, G3, G8, B6, B15, Host: G1
Group 2: G2, G6, B3, B7, B8, Host: B7
Group 3: G5, G7, B11, B12, B16, Host: B16
Group 4: G4, G9, B2, B5, B14, Host: G4
Group 5: B1, B4, B9, B10, B13, Host: B13
Event: 2
Group 1: G1, G7, B3, B4, B14, Host: B4
Group 2: G5, G8, B5, B8, B10, Host: G8
Group 3: G3, G4, G6, B9, B11, Host: G3
Group 4: G2, G9, B1, B6, B16, Host: B6
Group 5: B2, B7, B12, B13, B15, Host: B2
Event: 3
Group 1: G1, G3, B1, B2, B5, Host: B5
Group 2: G4, G5, B3, B6, B13, Host: G4
Group 3: G2, G8, B9, B12, B14, Host: B9
Group 4: G6, G7, G9, B7, B10, Host: G9
Group 5: B4, B8, B11, B15, B16, Host: B15
Event: 4
Group 1: G1, G5, G6, B8, B9, Host: G5
Group 2: G3, G4, B7, B14, B16, Host: B14
Group 3: G2, G7, B5, B13, B15, Host: G7
Group 4: G8, G9, B1, B3, B4, Host: B1
Group 5: B2, B6, B10, B11, B12, Host: B12
Event: 5
Group 1: G1, G9, B11, B13, B14, Host: B11
Group 2: G6, G8, B5, B6, B7, Host: B5
Group 3: G2, G3, G5, B2, B4, Host: G3
Group 4: G4, G7, B1, B8, B12, Host: B8
Group 5: B3, B9, B10, B15, B16, Host: B10
Event: 6
Group 1: G1, G2, G4, B7, B10, Host: G2
Group 2: G7, G8, B2, B13, B16, Host: B13
Group 3: G5, G6, B1, B14, B15, Host: G6
Group 4: G3, G9, B6, B8, B9, Host: G9
Group 5: B3, B4, B5, B11, B12, Host: B3

--------------------------------------------------
The smallest number of meetings a student obtain in the event period: 19
The total number of meetings in the event period: 524
The gap value for the event period: 14.5%
Total solution time for the event period: 3601.95s
--------------------------------------------------
{'temp_x': [0, 1, 0, 3, 2, 1, 2, 0, 3, 4, 3, 1, 4, 3, 0, 1, 1, 4, 4, 2, 2, 4, 3, 0, 2, 0, 3, 2, 2, 1, 2, 0, 1, 3, 3, 4, 0, 0, 1, 3, 4, 1, 2, 1, 2, 4, 4, 0, 4, 3, 0, 2, 0, 1, 1, 3, 3, 2, 3, 0, 0, 1, 4, 0, 1, 3, 4, 2, 3, 4, 2, 1, 2, 4, 4, 0, 2, 1, 1, 0, 0, 2, 3, 3, 3, 4, 3, 3, 2, 4, 1, 0, 0, 4, 4, 4, 2, 1, 2, 1, 0, 2, 2, 3, 2, 1, 3, 1, 0, 3, 2, 4, 2, 1, 1, 1, 3, 4, 4, 0, 3, 0, 0, 4, 4, 0, 0, 3, 0, 2, 2, 1, 1, 3, 2, 1, 4, 4, 4, 3, 0, 3, 3, 0, 4, 4, 1, 2, 2, 1], 'temp_y': [1, 1, 1, 1, 1, 1, 1, 1, 1, 1, 1, 1, 1, 1, 1, 1, 1, 1, 1, 0, 1, 1, 1, 0, 1, 1, 1, 1, 1, 1, 1, 1, 1, 1, 1, 1, 1, 1, 1, 1, 1, 1, 0, 1, 1, 1, 1, 1, 1, 1, 1, 1, 1, 0, 1, 1, 1, 1, 0, 1, 1, 1, 1, 1, 1, 0, 1, 0, 0, 1, 1, 1, 1, 1, 1, 1, 1, 1, 0, 1, 1, 1, 1, 0, 1, 1, 1, 1, 1, 1, 1, 1, 1, 1, 0, 1, 1, 1, 1, 1, 1, 1, 1, 0, 1, 1, 1, 1, 1, 1, 0, 1, 1, 1, 1, 1, 1, 1, 1, 1, 1, 1, 1, 1, 1, 1, 1, 1, 1, 0, 1, 0, 1, 1, 1, 1, 1, 1, 1, 0, 0, 1, 1, 0, 1, 1, 0, 1, 1, 1, 1, 1, 1, 1, 1, 1, 1, 0, 1, 1, 0, 1, 1, 1, 1, 1, 1, 1, 1, 1, 1, 0, 1, 1, 1, 1, 1, 1, 1, 1, 1, 1, 1, 1, 1, 1, 0, 1, 1, 1, 1, 1, 1, 1, 1, 1, 0, 1, 1, 1, 1, 1, 1, 1, 1, 1, 1, 1, 1, 1, 1, 0, 1, 1, 0, 1, 1, 1, 1, 1, 1, 1, 1, 1, 1, 1, 1, 1, 1, 1, 0, 1, 1, 1, 0, 1, 1, 1, 1, 1, 1, 1, 1, 1, 1, 0, 1, 1, 1, 1, 0, 1, 1, 1, 1, 0, 0, 1, 1, 1, 1, 1, 1, 1, 1, 1, 0, 1, 1, 1, 1, 1, 1, 1, 0, 1, 1, 1, 1, 1, 1, 1, 1, 1, 1, 1, 1, 1, 1, 1, 1, 0, 1, 0, 1, 1, 1, 1, 1, 1, 1, 0, 0, 1, 1, 1, 1, 1, 1, 1, 1, 1, 1, 1, 1, 1, 1, 1, 1, 1, 1, 1, 1, 1, 1, 1, 1, 1, 0, 1, 1, 1, 1, 1, 1, 0, 1, 1, 1, 1, 1, 1, 0, 1, 1, 1, 1, 1, 0, 1, 1, 1, 1, 1, 1, 1, 1, 0, 1, 1, 1, 1, 1, 1, 0, 1, 1, 1, 1, 0, 1, 1, 0, 1, 1, 1, 0, 1, 0, 1, 1, 1, 1, 1, 1, 1, 1, 1, 1, 1, 1, 1, 1, 1, 0, 1, 1, 1, 1, 1, 1, 1, 1, 1, 0, 0, 1, 1, 1, 1, 1, 1, 1, 1, 0, 1, 1, 1, 0, 1, 1, 0, 1, 0, 1, 1, 1, 1, 1, 1, 1, 1, 1, 1, 0, 1, 1, 1, 1, 1, 1, 1, 1, 1, 1, 1, 1, 1, 1, 1, 1, 1, 1, 0, 1, 1, 1, 0, 1, 1, 1, 1, 1, 0, 1, 0, 1, 1, 1, 1, 1, 0, 1, 1, 1, 1, 1, 1, 1, 1, 0, 1, 0, 1, 1, 0, 1, 1, 0, 1, 1, 1, 1, 1, 1, 1, 1, 1, 1, 1, 1, 1, 1, 1, 1, 1, 0, 1, 1, 0, 1, 1, 1, 1, 1, 1, 1, 1, 1, 1, 0, 1, 1, 1, 1, 1, 1, 1, 1, 1, 1, 1, 1, 1, 1, 1, 1, 1, 1, 1, 1, 1, 0, 1, 0, 1, 0, 1, 1, 1, 1, 1, 1, 1, 1, 0, 1, 1, 1, 1, 0, 1, 1, 1, 1, 1, 1, 1, 1, 1, 1, 1, 1, 1, 1, 1, 0, 1, 1, 1, 1, 0, 1, 1, 1, 1, 1, 1, 1, 0, 1, 1, 1, 1, 1, 1, 1, 1, 1, 1], 'temp_z': [1, 1, 1, 1, 1, 0, 1, 1, 1, 1, 1, 0, 1, 1, 1, 1, 1, 0, 1, 1, 1, 1, 1, 0, 1, 1, 1, 1, 1, 0, 1, 1, 1, 1, 1, 0], 'temp_host': [1, 0, 0, 0, 0, 0, 0, 0, 0, 0, 0, 1, 0, 1, 0, 0, 1, 0, 1, 0, 1, 0, 0, 0, 0, 0, 0, 1, 0, 0, 0, 0, 0, 0, 0, 1, 0, 0, 0, 1, 0, 0, 0, 1, 0, 0, 0, 0, 0, 0, 1, 0, 0, 1, 0, 0, 0, 1, 0, 0, 0, 1, 0, 0, 0, 0, 0, 0, 0, 0, 0, 1, 0, 1, 0, 0, 0, 0, 0, 0, 1, 0, 1, 0, 0, 1, 0, 0, 0, 0, 1, 0, 0, 0, 0, 0, 0, 0, 0, 0, 1, 0, 0, 0, 1, 0, 0, 0, 0, 0, 0, 0, 1, 0, 0, 0, 0, 0, 1, 0, 0, 0, 0, 1, 0, 0, 1, 0, 0, 0, 0, 1, 0, 0, 0, 1, 0, 0, 0, 0, 1, 0, 0, 0, 1, 0, 0, 0, 0, 0], 'min_meetings': 19}