Period one
Number of students: 26
Number of girls/boys: 13/13

Event: 1
Group 1: G1, G10, B2, B10, Host: B10
Group 2: G4, G9, B1, B12, Host: G9
Group 3: G5, G6, G11, B3, B9, Host: B9
Group 4: G7, G8, B11, B13, Host: B13
Group 5: G3, G12, B4, B6, B7, Host: G3
Group 6: G2, G13, B5, B8, Host: G13
Event: 2
Group 1: G1, G6, G12, B11, B12, Host: G12
Group 2: G2, G9, B2, B3, B4, Host: G2
Group 3: G11, G13, B6, B13, Host: B6
Group 4: G5, G10, B1, B5, Host: B1
Group 5: G4, G7, B7, B9, Host: G7
Group 6: G3, G8, B8, B10, Host: G8
Event: 3
Group 1: G1, G3, G10, B4, B13, Host: B13
Group 2: G9, G13, B9, B11, Host: B11
Group 3: G5, G7, B2, B6, B12, Host: B2
Group 4: G11, G12, B1, B8, Host: B8
Group 5: G2, G6, B7, B10, Host: B7
Group 6: G4, G8, B3, B5, Host: B5
Event: 4
Group 1: G1, G6, B2, B8, Host: G6
Group 2: G4, G10, B6, B11, Host: G4
Group 3: G9, G11, B3, B10, Host: B3
Group 4: G7, G13, B1, B4, Host: G7
Group 5: G2, G3, B5, B9, B12, Host: B12
Group 6: G5, G8, G12, B7, B13, Host: G5
Event: 5
Group 1: G1, G2, G8, B1, B6, Host: G8
Group 2: G3, G11, B2, B11, Host: B11
Group 3: G4, G5, B4, B8, Host: B4
Group 4: G7, G12, B9, B10, Host: G12
Group 5: G10, G13, B3, B7, B12, Host: G13
Group 6: G6, G9, B5, B13, Host: B13
Event: 6
Group 1: G1, G7, B5, B7, Host: G1
Group 2: G8, G11, B4, B12, Host: G11
Group 3: G2, G5, B10, B11, Host: G2
Group 4: G9, G10, B6, B8, B9, Host: G10
Group 5: G3, G6, B1, B3, Host: G6
Group 6: G4, G12, G13, B2, B13, Host: G4

--------------------------------------------------
The smallest number of meetings a student obtain in the event period: 17
The total number of meetings in the event period: 494
The gap value for the event period: 31.58%
Total solution time for the event period: 3601.68s
--------------------------------------------------
{'temp_x': [0, 5, 4, 1, 2, 2, 3, 3, 1, 0, 2, 4, 5, 1, 0, 2, 4, 5, 4, 4, 5, 2, 0, 3, 1, 3, 0, 1, 5, 4, 3, 0, 4, 5, 1, 3, 2, 0, 2, 3, 1, 1, 1, 3, 2, 4, 5, 4, 5, 0, 0, 2, 0, 4, 0, 5, 2, 4, 2, 5, 1, 0, 3, 3, 1, 3, 2, 5, 0, 5, 2, 4, 3, 1, 4, 1, 2, 0, 0, 4, 4, 1, 5, 0, 3, 5, 2, 1, 2, 5, 3, 3, 0, 2, 3, 4, 1, 5, 0, 4, 2, 1, 4, 5, 0, 0, 1, 2, 2, 5, 3, 0, 5, 4, 1, 3, 4, 0, 1, 4, 2, 5, 0, 4, 2, 3, 3, 1, 4, 5, 0, 2, 4, 5, 2, 4, 0, 1, 3, 3, 1, 5, 5, 4, 5, 4, 1, 0, 3, 0, 3, 3, 2, 2, 1, 5], 'temp_y': [1, 1, 0, 0, 1, 1, 1, 0, 1, 0, 1, 0, 1, 1, 0, 1, 1, 1, 1, 1, 0, 1, 1, 1, 1, 1, 1, 0, 1, 1, 0, 1, 1, 0, 0, 0, 1, 1, 1, 1, 1, 1, 1, 1, 1, 1, 1, 1, 1, 0, 1, 1, 0, 0, 1, 0, 1, 0, 1, 1, 1, 0, 1, 1, 1, 1, 1, 1, 1, 1, 1, 1, 1, 1, 1, 0, 0, 0, 1, 0, 1, 1, 1, 1, 0, 1, 1, 1, 1, 1, 1, 1, 1, 1, 1, 1, 0, 1, 1, 1, 0, 1, 0, 1, 1, 1, 1, 0, 1, 1, 1, 0, 1, 1, 1, 1, 1, 1, 1, 1, 1, 1, 1, 1, 1, 1, 1, 1, 0, 1, 0, 0, 1, 0, 1, 1, 0, 1, 1, 1, 0, 1, 0, 1, 1, 1, 1, 1, 1, 1, 1, 0, 0, 1, 1, 0, 1, 0, 0, 0, 1, 1, 1, 1, 0, 1, 1, 1, 1, 0, 1, 1, 1, 1, 1, 1, 1, 1, 1, 1, 0, 1, 0, 0, 1, 1, 0, 1, 0, 1, 1, 1, 1, 1, 1, 0, 1, 1, 1, 1, 0, 1, 0, 1, 0, 1, 0, 0, 1, 1, 0, 1, 1, 1, 1, 1, 1, 1, 0, 1, 1, 1, 1, 1, 1, 1, 0, 1, 1, 1, 0, 0, 0, 1, 0, 0, 1, 1, 1, 1, 1, 1, 1, 1, 1, 1, 1, 1, 1, 1, 0, 0, 1, 0, 1, 1, 0, 1, 1, 0, 1, 1, 1, 1, 1, 1, 0, 1, 0, 1, 1, 1, 1, 1, 1, 1, 0, 1, 1, 1, 1, 1, 1, 0, 0, 1, 1, 1, 1, 0, 1, 0, 1, 1, 1, 1, 1, 1, 1, 1, 0, 1, 0, 1, 0, 0, 1, 0, 1, 1, 1, 1, 1, 1, 1, 1, 1, 1, 1, 1, 1, 0, 1, 1, 1, 1, 1, 1, 1, 1, 1, 1, 1, 1, 1, 1, 1, 1, 0, 1, 1, 1, 1, 0, 1, 0, 0, 0, 1, 0, 1, 1, 1, 1, 1, 1, 1, 0, 1, 1, 1, 1, 1, 0, 1, 1, 0, 1, 0, 1, 0, 1, 1, 1, 1, 0, 1, 1, 1, 1, 1, 0, 1, 1, 1, 1, 0, 1, 1, 1, 1, 1, 0, 1, 0, 1, 1, 0, 1, 0, 1, 1, 1, 1, 1, 0, 1, 1, 1, 1, 1, 1, 1, 1, 1, 1, 0, 1, 1, 1, 0, 0, 0, 1, 1, 1, 1, 1, 1, 1, 1, 1, 1, 1, 1, 0, 0, 1, 1, 0, 1, 0, 0, 1, 1, 1, 0, 0, 1, 1, 1, 1, 1, 1, 1, 0, 1, 1, 1, 1, 1, 1, 1, 1, 1, 0, 1, 0, 1, 1, 1, 0, 1, 1, 1, 1, 1, 1, 1, 1, 1, 1, 1, 0, 1, 0, 1, 1, 0, 0, 1, 1, 1, 1, 0, 1, 1, 0, 1, 1, 1, 1, 1, 1, 1, 1, 0, 1, 1, 1, 1, 1, 1, 1, 1, 0, 1, 1, 1, 0, 1, 1, 0, 0, 0, 0, 1, 1, 1, 1, 1, 1, 0, 1, 1, 1, 1, 1, 0, 0, 1, 0, 1, 1, 1, 1, 1, 1, 1, 0, 1, 1, 1, 0, 1, 1, 1, 1, 1, 1, 1, 1, 0, 0, 1, 1, 0, 0, 0, 1, 1, 1, 1, 0, 0, 1, 1, 1, 1, 1, 1, 1, 1, 1, 1, 1, 1, 1, 0, 1, 0, 0, 0, 1, 0, 0, 1, 1, 1, 1, 1, 1, 1, 1, 1, 1, 1, 1, 1, 1, 1, 1, 1, 1, 1, 1, 1, 1, 1, 1, 0, 1, 0, 1, 0, 1, 0, 1, 1, 1, 1, 1, 1, 1, 1, 1, 1, 1, 0, 1, 0, 1, 1, 1, 1, 0, 0, 0, 1, 0], 'temp_z': [1, 1, 1, 1, 1, 1, 1, 1, 1, 1, 1, 1, 1, 1, 1, 1, 1, 1, 1, 1, 1, 1, 1, 1, 1, 1, 1, 1, 1, 1, 1, 1, 1, 1, 1, 1], 'temp_host': [0, 0, 0, 0, 0, 1, 0, 1, 0, 0, 0, 1, 1, 0, 0, 0, 0, 0, 0, 0, 0, 1, 0, 1, 0, 0, 0, 1, 0, 0, 0, 0, 0, 1, 0, 1, 0, 1, 0, 1, 0, 0, 0, 1, 0, 0, 1, 0, 1, 0, 0, 0, 0, 0, 0, 0, 0, 0, 0, 1, 0, 0, 0, 0, 0, 1, 0, 1, 0, 0, 1, 0, 1, 0, 0, 0, 1, 0, 0, 1, 0, 0, 0, 0, 0, 0, 1, 0, 0, 0, 0, 0, 0, 1, 0, 0, 0, 0, 0, 0, 1, 0, 0, 0, 1, 0, 0, 0, 0, 1, 0, 0, 0, 0, 0, 0, 1, 0, 0, 0, 0, 0, 1, 0, 0, 0, 1, 0, 0, 0, 0, 0, 1, 0, 0, 0, 0, 0, 0, 0, 1, 0, 1, 0, 0, 0, 0, 1, 0, 0, 1, 0, 1, 0, 1, 0], 'min_meetings': 17}