Period one
Number of students: 26
Number of girls/boys: 11/15

Event: 1
Group 1: G1, G6, B1, B4, Host: B1
Group 2: G5, G7, B10, B13, Host: G5
Group 3: G2, G8, B11, B12, Host: G2
Group 4: G9, G10, G11, B7, B14, Host: B7
Group 5: G3, G4, B3, B15, Host: G4
Group 6: B2, B5, B6, B8, B9, Host: B6
Event: 2
Group 1: G1, G3, G7, B6, B14, Host: G3
Group 2: G4, G5, B2, B4, Host: B2
Group 3: G6, G11, B5, B12, Host: B12
Group 4: G2, G10, B9, B15, Host: B15
Group 5: G8, G9, B3, B13, Host: B13
Group 6: B1, B7, B8, B10, B11, Host: B10
Event: 3
Group 1: G1, G2, G9, B5, B10, Host: G9
Group 2: G3, G5, B8, B12, Host: B8
Group 3: G4, G10, B6, B11, Host: G10
Group 4: G6, G8, B1, B14, Host: B14
Group 5: G7, G11, B2, B13, B15, Host: G7
Group 6: B3, B4, B7, B9, Host: B9
Event: 4
Group 1: G1, G4, B12, B13, Host: B13
Group 2: G3, G8, G11, B9, B10, Host: G8
Group 3: G5, G9, B4, B6, Host: B4
Group 4: G7, G10, B1, B3, B5, Host: B3
Group 5: G2, G6, B2, B7, Host: G6
Group 6: B8, B11, B14, B15, Host: B11
Event: 5
Group 1: G1, G10, B2, B10, Host: B2
Group 2: G4, G9, B1, B9, Host: G4
Group 3: G2, G3, B5, B13, B14, Host: B5
Group 4: G5, G6, G11, B3, B11, Host: G5
Group 5: G7, G8, B4, B8, Host: B8
Group 6: B6, B7, B12, B15, Host: B12
Event: 6
Group 1: G1, G5, B9, B15, Host: G1
Group 2: G4, G8, B5, B7, Host: G8
Group 3: G6, G10, B8, B13, Host: B13
Group 4: G3, G7, G9, B2, B11, Host: G9
Group 5: G2, G11, B1, B6, Host: G11
Group 6: B3, B4, B10, B12, B14, Host: B14

--------------------------------------------------
The smallest number of meetings a student obtain in the event period: 17
The total number of meetings in the event period: 504
The gap value for the event period: 28.97%
Total solution time for the event period: 3601.74s
--------------------------------------------------
{'temp_x': [0, 2, 4, 4, 1, 0, 1, 2, 3, 3, 3, 0, 5, 4, 0, 5, 5, 3, 5, 5, 1, 2, 2, 1, 3, 4, 0, 3, 0, 1, 1, 2, 0, 4, 4, 3, 2, 5, 1, 4, 1, 2, 0, 5, 5, 3, 5, 5, 2, 4, 0, 3, 0, 0, 1, 2, 1, 3, 4, 3, 0, 2, 4, 3, 4, 5, 5, 0, 2, 5, 1, 5, 0, 2, 1, 4, 3, 4, 0, 4, 1, 0, 2, 4, 3, 1, 2, 3, 1, 3, 4, 3, 2, 3, 2, 4, 5, 1, 1, 5, 0, 0, 5, 5, 0, 2, 2, 1, 3, 3, 4, 4, 1, 0, 3, 1, 0, 3, 4, 2, 5, 5, 4, 1, 0, 3, 5, 2, 2, 5, 0, 4, 3, 1, 0, 2, 3, 1, 3, 2, 4, 4, 3, 5, 5, 1, 4, 1, 2, 0, 5, 3, 5, 2, 5, 0], 'temp_y': [1, 1, 1, 1, 1, 1, 0, 1, 1, 0, 1, 1, 0, 1, 1, 1, 0, 0, 1, 1, 0, 1, 1, 1, 1, 1, 1, 0, 0, 1, 0, 1, 1, 1, 1, 1, 1, 0, 0, 1, 1, 1, 0, 1, 1, 1, 1, 1, 1, 1, 1, 1, 1, 1, 0, 1, 1, 1, 0, 1, 0, 1, 1, 0, 1, 1, 0, 1, 1, 1, 1, 1, 1, 1, 1, 1, 0, 1, 1, 0, 0, 1, 1, 1, 0, 1, 1, 1, 1, 1, 1, 1, 0, 1, 0, 1, 1, 1, 0, 1, 1, 0, 1, 1, 1, 1, 0, 1, 0, 1, 0, 1, 1, 1, 0, 1, 0, 1, 1, 1, 1, 1, 1, 0, 1, 1, 1, 0, 0, 1, 0, 1, 0, 1, 1, 1, 1, 1, 1, 1, 0, 1, 1, 0, 0, 1, 1, 1, 1, 0, 1, 0, 1, 0, 1, 0, 1, 1, 1, 1, 1, 1, 1, 1, 1, 1, 0, 1, 0, 1, 1, 0, 1, 1, 1, 0, 1, 1, 1, 0, 1, 1, 1, 0, 1, 1, 0, 1, 1, 1, 0, 1, 1, 1, 1, 1, 1, 1, 1, 0, 1, 1, 1, 1, 1, 0, 1, 1, 1, 1, 1, 1, 1, 1, 1, 1, 1, 0, 1, 1, 1, 0, 1, 1, 0, 1, 1, 0, 1, 0, 1, 1, 0, 1, 1, 1, 1, 1, 0, 1, 1, 1, 1, 1, 1, 1, 0, 1, 1, 1, 0, 1, 1, 0, 1, 1, 1, 1, 1, 1, 1, 1, 1, 0, 1, 1, 1, 0, 1, 1, 1, 1, 1, 1, 1, 1, 1, 0, 1, 0, 1, 1, 1, 1, 1, 1, 0, 1, 1, 1, 1, 1, 1, 1, 1, 1, 0, 0, 1, 0, 1, 1, 1, 1, 1, 1, 1, 0, 1, 1, 1, 0, 0, 1, 1, 1, 1, 1, 1, 1, 1, 0, 1, 0, 1, 0, 0, 1, 1, 1, 1, 1, 1, 1, 1, 1, 1, 0, 1, 1, 0, 1, 0, 1, 1, 1, 1, 1, 1, 1, 1, 0, 0, 1, 1, 1, 1, 1, 1, 0, 0, 1, 1, 1, 0, 1, 1, 1, 1, 1, 0, 1, 0, 1, 0, 1, 1, 1, 1, 0, 1, 1, 1, 1, 1, 1, 1, 1, 1, 0, 1, 1, 1, 1, 1, 0, 1, 1, 1, 0, 1, 1, 1, 1, 1, 0, 1, 0, 1, 1, 1, 1, 1, 0, 1, 1, 1, 1, 1, 0, 1, 1, 0, 1, 1, 0, 1, 0, 1, 0, 1, 0, 1, 1, 1, 1, 1, 1, 1, 1, 1, 1, 1, 1, 1, 1, 1, 0, 1, 1, 0, 0, 1, 0, 1, 1, 1, 1, 0, 1, 0, 1, 1, 0, 1, 1, 1, 1, 1, 1, 1, 1, 1, 1, 1, 1, 1, 1, 1, 1, 0, 0, 1, 1, 1, 1, 1, 1, 1, 1, 1, 1, 1, 1, 1, 0, 0, 0, 0, 1, 1, 1, 1, 0, 1, 0, 1, 1, 1, 1, 1, 1, 1, 1, 1, 1, 0, 1, 1, 1, 1, 1, 1, 1, 0, 0, 1, 1, 1, 1, 1, 1, 1, 1, 1, 1, 1, 1, 1, 0, 0, 1, 1, 1, 0, 1, 1, 0, 1, 1, 1, 1, 1, 1, 1, 1, 0, 1, 0, 0, 1, 0, 0, 1, 1, 1, 1, 1, 1, 0, 1, 1, 1, 1, 1, 1, 1, 1, 1, 1, 1, 1, 1, 1, 1, 1, 0, 1, 1, 0, 1, 0, 0, 1, 0, 1, 0, 1, 1, 1, 1, 1, 1, 0, 0, 1, 1, 1, 1, 1, 1, 1, 0, 1, 1, 1, 1, 1, 1, 0, 1, 1, 1, 1, 1, 1, 1, 1, 1, 1, 0, 1, 0, 0, 1, 1, 0, 1, 1, 0, 0, 1, 1, 1, 1, 0, 1, 1, 1, 1], 'temp_z': [1, 1, 1, 1, 1, 1, 1, 1, 1, 1, 1, 1, 1, 1, 1, 1, 1, 1, 1, 1, 1, 1, 1, 1, 1, 1, 1, 1, 1, 1, 1, 1, 1, 1, 1, 1], 'temp_host': [0, 0, 0, 0, 0, 1, 1, 0, 0, 0, 0, 0, 0, 1, 0, 0, 0, 0, 1, 0, 0, 0, 1, 0, 1, 0, 0, 0, 1, 0, 0, 0, 0, 1, 0, 0, 0, 0, 1, 0, 0, 0, 0, 0, 0, 1, 0, 1, 0, 0, 1, 0, 0, 1, 0, 0, 1, 0, 0, 0, 0, 0, 0, 0, 0, 1, 1, 0, 0, 0, 0, 0, 0, 1, 0, 0, 1, 0, 0, 0, 0, 1, 0, 0, 0, 0, 0, 1, 0, 0, 0, 0, 0, 0, 1, 0, 1, 0, 0, 0, 0, 0, 1, 0, 0, 0, 0, 0, 0, 0, 1, 0, 1, 0, 0, 0, 1, 0, 0, 0, 0, 1, 0, 0, 0, 0, 0, 0, 0, 1, 0, 0, 0, 1, 0, 0, 1, 0, 0, 1, 0, 1, 0, 1, 0, 0, 1, 0, 0, 1, 0, 1, 0, 0, 0, 0], 'min_meetings': 17}