Period one
Number of students: 26
Number of girls/boys: 12/14

Event: 1
Group 1: G1, G2, B13, B14, Host: G2
Group 2: G5, G10, B5, B6, B8, Host: B6
Group 3: G3, G12, B1, B3, B4, Host: G12
Group 4: G4, G8, B2, B11, Host: B2
Group 5: G9, G11, B10, B12, Host: B10
Group 6: G6, G7, B7, B9, Host: B9
Event: 2
Group 1: G1, G7, B1, B5, B12, Host: G7
Group 2: G2, G9, B3, B7, B11, Host: B7
Group 3: G6, G11, B4, B8, Host: G6
Group 4: G4, G5, B10, B13, Host: G4
Group 5: G8, G12, B6, B9, Host: G8
Group 6: G3, G10, B2, B14, Host: G3
Event: 3
Group 1: G1, G5, B3, B9, Host: B3
Group 2: G8, G9, B1, B8, B14, Host: B1
Group 3: G11, G12, B2, B13, Host: G11
Group 4: G2, G7, B4, B6, Host: G2
Group 5: G4, G10, B7, B12, Host: G10
Group 6: G3, G6, B5, B10, B11, Host: B5
Event: 4
Group 1: G1, G12, B8, B11, Host: B11
Group 2: G4, G11, B3, B6, B14, Host: G4
Group 3: G5, G6, B1, B7, Host: G6
Group 4: G7, G9, B2, B5, Host: B2
Group 5: G8, G10, B4, B10, Host: B4
Group 6: G2, G3, B9, B12, B13, Host: B13
Event: 5
Group 1: G1, G3, B6, B7, Host: G3
Group 2: G6, G8, B2, B3, B12, Host: G8
Group 3: G2, G4, B5, B8, Host: B8
Group 4: G7, G12, B10, B14, Host: G12
Group 5: G10, G11, B1, B9, Host: G11
Group 6: G5, G9, B4, B11, B13, Host: G9
Event: 6
Group 1: G1, G4, B4, B9, Host: G1
Group 2: G6, G10, B11, B14, Host: B14
Group 3: G2, G5, B1, B2, B10, Host: G5
Group 4: G3, G7, B3, B8, B13, Host: G7
Group 5: G8, G11, B5, B7, Host: B5
Group 6: G9, G12, B6, B12, Host: B12

--------------------------------------------------
The smallest number of meetings a student obtain in the event period: 18
The total number of meetings in the event period: 496
The gap value for the event period: 31.05%
Total solution time for the event period: 3601.69s
--------------------------------------------------
{'temp_x': [0, 0, 2, 3, 1, 5, 5, 3, 4, 1, 4, 2, 2, 3, 2, 2, 1, 1, 5, 1, 5, 4, 3, 4, 0, 0, 0, 1, 5, 3, 3, 2, 0, 4, 1, 5, 2, 4, 0, 5, 1, 2, 0, 4, 1, 2, 4, 3, 1, 0, 3, 5, 0, 3, 5, 4, 0, 5, 3, 1, 1, 4, 2, 2, 1, 2, 0, 3, 5, 3, 4, 1, 0, 5, 5, 4, 2, 1, 0, 5, 5, 1, 2, 2, 3, 4, 3, 4, 1, 0, 2, 3, 1, 4, 3, 1, 2, 0, 5, 4, 0, 5, 5, 1, 0, 2, 0, 2, 5, 1, 3, 1, 5, 4, 4, 3, 4, 1, 1, 5, 2, 0, 0, 2, 4, 3, 5, 1, 5, 3, 0, 2, 3, 0, 2, 1, 3, 4, 5, 1, 4, 5, 2, 2, 3, 0, 4, 5, 4, 3, 0, 2, 1, 5, 3, 1], 'temp_y': [1, 1, 1, 1, 0, 1, 0, 0, 0, 0, 1, 1, 0, 1, 1, 1, 1, 1, 1, 1, 0, 1, 1, 1, 1, 1, 1, 1, 1, 0, 1, 0, 1, 0, 0, 0, 1, 1, 1, 1, 1, 1, 1, 1, 1, 1, 1, 1, 1, 1, 1, 1, 0, 0, 1, 1, 0, 0, 1, 0, 1, 1, 1, 1, 1, 1, 1, 1, 1, 1, 1, 1, 1, 1, 1, 1, 1, 0, 1, 0, 0, 1, 0, 1, 1, 0, 0, 1, 1, 1, 1, 1, 1, 1, 1, 1, 1, 1, 1, 1, 1, 1, 0, 1, 1, 0, 0, 1, 1, 0, 0, 1, 1, 1, 1, 1, 1, 1, 1, 1, 1, 1, 0, 1, 0, 0, 0, 1, 0, 1, 1, 1, 0, 1, 1, 0, 1, 1, 1, 1, 1, 0, 1, 1, 1, 1, 1, 1, 0, 1, 1, 1, 1, 0, 0, 1, 0, 1, 0, 0, 1, 1, 1, 1, 1, 1, 1, 1, 1, 1, 1, 0, 1, 1, 1, 0, 0, 0, 1, 0, 1, 0, 1, 1, 1, 1, 1, 1, 1, 1, 1, 1, 1, 1, 1, 1, 1, 1, 0, 1, 0, 1, 0, 0, 1, 0, 1, 1, 0, 1, 1, 1, 1, 1, 1, 1, 1, 1, 1, 0, 1, 1, 1, 1, 1, 0, 0, 1, 1, 1, 1, 0, 1, 0, 1, 0, 1, 1, 0, 1, 1, 1, 1, 1, 1, 1, 1, 1, 0, 1, 0, 0, 0, 1, 0, 1, 0, 1, 1, 1, 1, 1, 1, 1, 1, 1, 1, 1, 1, 1, 1, 0, 1, 1, 1, 1, 0, 1, 0, 0, 0, 1, 1, 1, 0, 1, 1, 1, 1, 1, 0, 1, 0, 1, 1, 1, 1, 1, 1, 1, 1, 1, 1, 0, 1, 1, 1, 1, 1, 1, 1, 1, 1, 1, 1, 1, 0, 1, 1, 1, 1, 0, 1, 0, 1, 0, 1, 1, 1, 1, 1, 1, 1, 1, 1, 1, 1, 1, 1, 0, 1, 0, 0, 0, 0, 1, 1, 1, 1, 1, 1, 1, 1, 1, 1, 1, 1, 1, 1, 0, 1, 1, 1, 1, 1, 0, 1, 1, 1, 1, 0, 1, 1, 1, 1, 1, 1, 1, 1, 1, 1, 1, 1, 1, 1, 1, 1, 1, 0, 1, 0, 1, 0, 1, 1, 1, 1, 0, 1, 0, 1, 1, 1, 1, 1, 1, 1, 1, 1, 1, 1, 0, 1, 1, 0, 0, 1, 1, 1, 0, 1, 1, 1, 0, 0, 1, 1, 1, 1, 1, 0, 1, 1, 1, 1, 1, 1, 0, 0, 1, 1, 1, 1, 1, 1, 0, 0, 1, 0, 1, 1, 1, 1, 1, 1, 1, 1, 1, 1, 1, 1, 0, 1, 0, 1, 0, 1, 1, 0, 1, 0, 1, 1, 0, 0, 1, 1, 1, 1, 1, 1, 1, 1, 1, 1, 1, 1, 1, 0, 1, 1, 1, 1, 0, 0, 0, 1, 0, 1, 1, 1, 1, 1, 1, 1, 1, 1, 1, 0, 1, 1, 1, 1, 0, 1, 1, 0, 1, 1, 0, 0, 0, 1, 1, 0, 0, 1, 1, 1, 1, 1, 1, 1, 1, 1, 1, 1, 1, 1, 0, 1, 1, 0, 0, 0, 0, 1, 1, 1, 1, 1, 1, 1, 1, 1, 1, 0, 1, 1, 1, 0, 1, 0, 1, 1, 1, 1, 0, 1, 1, 0, 1, 0, 1, 1, 1, 1, 1, 1, 0, 1, 1, 1, 1, 1, 1, 1, 1, 1, 1, 0, 1, 1, 1, 0, 1, 1, 0, 1, 0, 1, 1, 1, 1, 1, 0, 1, 0, 1, 0, 1, 1, 0, 1, 1, 1, 0, 0, 0, 1, 1, 1, 1, 1, 1, 1, 1, 1, 1, 0, 1, 1, 1, 1, 1, 1, 1, 1, 1, 1, 0, 0, 1, 0, 1, 0, 1, 1, 0, 1], 'temp_z': [1, 1, 1, 1, 1, 1, 1, 1, 1, 1, 1, 1, 1, 1, 1, 1, 1, 1, 1, 1, 1, 1, 1, 1, 1, 1, 1, 1, 1, 1, 1, 1, 1, 1, 1, 1], 'temp_host': [0, 0, 0, 0, 0, 1, 1, 0, 1, 0, 0, 0, 0, 1, 0, 0, 1, 0, 0, 1, 0, 1, 0, 0, 0, 0, 0, 0, 0, 1, 0, 1, 0, 1, 0, 0, 0, 1, 0, 0, 0, 1, 0, 1, 0, 0, 1, 0, 0, 0, 0, 0, 1, 0, 0, 0, 1, 0, 0, 0, 0, 0, 1, 0, 1, 0, 1, 0, 0, 0, 1, 0, 0, 0, 1, 0, 0, 0, 1, 0, 0, 1, 0, 0, 0, 0, 1, 0, 0, 0, 0, 0, 0, 1, 0, 0, 0, 0, 1, 0, 0, 1, 1, 0, 0, 0, 0, 0, 0, 1, 0, 0, 0, 0, 0, 0, 0, 0, 1, 0, 1, 0, 0, 0, 0, 0, 1, 0, 0, 0, 0, 0, 0, 0, 0, 1, 0, 0, 0, 0, 0, 0, 0, 1, 0, 0, 0, 1, 0, 0, 0, 0, 0, 0, 0, 1], 'min_meetings': 18}