Period one
Number of students: 26
Number of girls/boys: 4/22

Event: 1
Group 1: G1, G4, B1, B5, B21, Host: B5
Group 2: G2, G3, B4, B8, B16, Host: B16
Group 3: B6, B9, B17, B22, Host: B17
Group 4: B10, B13, B18, B20, Host: B20
Group 5: B2, B3, B7, B12, Host: B7
Group 6: B11, B14, B15, B19, Host: B14
Event: 2
Group 1: G1, G2, B2, B17, B18, Host: B2
Group 2: G3, G4, B3, B20, Host: B3
Group 3: B13, B16, B19, B22, Host: B19
Group 4: B5, B7, B9, B10, B11, Host: B10
Group 5: B1, B8, B12, B14, Host: B1
Group 6: B4, B6, B15, B21, Host: B4
Event: 3
Group 1: G1, G3, B7, B22, Host: B22
Group 2: G2, G4, B6, B10, B19, Host: G2
Group 3: B4, B5, B12, B20, Host: B12
Group 4: B14, B16, B18, B21, Host: B18
Group 5: B3, B8, B11, B13, B17, Host: B11
Group 6: B1, B2, B9, B15, Host: B15
Event: 4
Group 1: G1, G4, B4, B8, Host: G1
Group 2: G2, G3, B1, B11, Host: B1
Group 3: B6, B7, B13, B14, Host: B6
Group 4: B3, B5, B15, B18, B22, Host: B5
Group 5: B9, B10, B12, B16, Host: B16
Group 6: B2, B17, B19, B20, B21, Host: B21
Event: 5
Group 1: G1, G3, B10, B14, B17, Host: B17
Group 2: G2, G4, B21, B22, Host: G4
Group 3: B3, B4, B9, B19, Host: B9
Group 4: B2, B5, B8, B13, Host: B13
Group 5: B6, B11, B12, B18, Host: B18
Group 6: B1, B7, B15, B16, B20, Host: B7
Event: 6
Group 1: G1, G2, B9, B20, Host: B20
Group 2: G3, G4, B12, B13, B15, Host: G3
Group 3: B5, B6, B16, B17, Host: B16
Group 4: B2, B4, B11, B14, B22, Host: B22
Group 5: B1, B3, B10, B21, Host: B3
Group 6: B7, B8, B18, B19, Host: B8

--------------------------------------------------
The smallest number of meetings a student obtain in the event period: 17
The total number of meetings in the event period: 496
The gap value for the event period: 31.05%
Total solution time for the event period: 3601.65s
--------------------------------------------------
{'temp_x': [0, 1, 1, 0, 0, 4, 4, 1, 0, 2, 4, 1, 2, 3, 5, 4, 3, 5, 5, 1, 2, 3, 5, 3, 0, 2, 0, 0, 1, 1, 4, 0, 1, 5, 3, 5, 3, 4, 3, 3, 3, 4, 2, 4, 5, 2, 0, 0, 2, 1, 5, 2, 0, 1, 0, 1, 5, 5, 4, 2, 2, 1, 0, 4, 5, 1, 4, 2, 4, 3, 5, 3, 4, 3, 1, 2, 3, 0, 0, 1, 1, 0, 1, 5, 3, 0, 3, 2, 2, 0, 4, 4, 1, 4, 2, 2, 3, 4, 5, 3, 5, 5, 5, 3, 0, 1, 0, 1, 5, 3, 2, 2, 3, 4, 5, 3, 2, 0, 4, 4, 3, 0, 5, 5, 0, 4, 2, 5, 1, 1, 0, 0, 1, 1, 4, 3, 4, 3, 2, 2, 5, 5, 0, 4, 3, 1, 1, 3, 1, 2, 2, 5, 5, 0, 4, 3], 'temp_y': [1, 1, 1, 1, 1, 0, 1, 1, 0, 1, 1, 1, 1, 0, 0, 0, 1, 0, 0, 1, 1, 0, 1, 1, 1, 1, 1, 1, 1, 1, 0, 1, 0, 1, 0, 1, 1, 1, 1, 0, 0, 0, 0, 1, 1, 1, 1, 1, 1, 1, 1, 1, 1, 1, 0, 1, 1, 0, 0, 1, 1, 0, 1, 1, 1, 1, 1, 1, 1, 1, 0, 0, 1, 0, 1, 1, 1, 1, 1, 0, 1, 1, 1, 1, 0, 1, 0, 1, 0, 1, 1, 0, 1, 0, 0, 0, 1, 1, 1, 1, 1, 1, 1, 1, 1, 1, 0, 1, 0, 1, 1, 1, 1, 1, 1, 0, 1, 1, 1, 0, 0, 0, 1, 1, 0, 1, 1, 0, 0, 1, 1, 1, 1, 0, 1, 1, 1, 0, 1, 1, 1, 1, 1, 0, 1, 1, 1, 1, 1, 1, 0, 0, 1, 1, 1, 1, 1, 1, 0, 1, 1, 1, 1, 1, 1, 1, 0, 1, 0, 1, 1, 1, 1, 1, 1, 1, 1, 1, 1, 0, 1, 1, 1, 1, 0, 1, 1, 0, 1, 1, 0, 1, 1, 1, 0, 0, 1, 1, 1, 1, 1, 0, 0, 1, 1, 1, 1, 1, 1, 1, 1, 1, 1, 1, 1, 1, 0, 1, 1, 1, 1, 0, 1, 1, 1, 0, 1, 0, 1, 0, 0, 0, 1, 1, 1, 0, 1, 1, 1, 1, 1, 1, 1, 1, 1, 1, 1, 0, 1, 1, 1, 0, 1, 0, 1, 1, 1, 0, 1, 1, 1, 1, 1, 1, 1, 1, 1, 1, 1, 0, 1, 1, 1, 0, 1, 1, 1, 1, 1, 1, 1, 1, 1, 1, 0, 1, 0, 0, 1, 1, 1, 1, 0, 1, 1, 1, 1, 0, 0, 0, 1, 1, 0, 0, 1, 1, 1, 1, 1, 1, 1, 0, 1, 1, 1, 0, 0, 1, 1, 1, 0, 1, 1, 0, 1, 1, 1, 1, 1, 1, 0, 1, 0, 1, 1, 1, 0, 1, 1, 1, 1, 1, 0, 1, 1, 1, 1, 1, 1, 0, 0, 1, 1, 0, 1, 1, 1, 1, 1, 1, 1, 1, 1, 1, 1, 1, 1, 1, 0, 1, 1, 1, 0, 0, 1, 0, 0, 1, 1, 1, 1, 1, 1, 1, 1, 1, 1, 1, 1, 1, 1, 1, 1, 1, 0, 1, 0, 1, 0, 0, 0, 0, 1, 1, 0, 1, 1, 0, 1, 1, 1, 1, 0, 1, 1, 1, 1, 1, 1, 1, 1, 1, 1, 0, 1, 1, 0, 1, 0, 1, 1, 0, 1, 0, 1, 1, 1, 0, 1, 1, 1, 1, 1, 1, 1, 1, 1, 0, 1, 1, 0, 0, 1, 1, 1, 1, 1, 1, 1, 1, 1, 0, 1, 0, 1, 1, 1, 1, 1, 0, 1, 1, 1, 1, 1, 0, 1, 1, 0, 1, 0, 0, 1, 1, 1, 1, 1, 1, 1, 0, 1, 1, 1, 1, 1, 1, 1, 1, 1, 1, 1, 1, 1, 0, 0, 1, 1, 0, 1, 1, 0, 1, 1, 1, 1, 0, 1, 1, 0, 1, 1, 1, 1, 1, 1, 1, 1, 0, 0, 0, 1, 1, 0, 1, 1, 1, 1, 0, 1, 1, 1, 1, 1, 1, 1, 1, 1, 1, 1, 1, 0, 1, 0, 1, 0, 1, 1, 1, 0, 1, 1, 1, 1, 1, 1, 0, 1, 1, 1, 1, 1, 1, 1, 1, 1, 1, 1, 1, 1, 1, 1, 1, 1, 1, 0, 1, 0, 1, 1, 0, 1, 1, 0, 1, 1, 1, 1, 1, 1, 0, 1, 1, 0, 1, 1, 1, 1, 1, 1, 1, 0, 0, 0, 1, 0, 0, 0, 1, 1, 1, 1, 1, 1, 1, 1, 1, 1, 1, 1, 0, 1, 1, 1, 1, 1, 1, 0, 1, 0, 1, 0, 1, 1, 1, 1, 1, 1, 1, 0, 1], 'temp_z': [1, 1, 1, 1, 1, 1, 1, 1, 1, 1, 1, 1, 1, 1, 1, 1, 1, 1, 1, 1, 1, 1, 1, 1, 1, 1, 1, 1, 1, 1, 1, 1, 1, 1, 1, 1], 'temp_host': [0, 0, 0, 1, 0, 0, 0, 0, 1, 0, 0, 0, 0, 0, 0, 0, 0, 1, 0, 0, 0, 0, 1, 0, 0, 1, 0, 1, 0, 0, 0, 1, 0, 0, 0, 0, 0, 1, 0, 0, 0, 1, 0, 1, 0, 0, 0, 0, 1, 0, 0, 1, 0, 0, 0, 0, 0, 1, 0, 0, 1, 0, 0, 0, 1, 0, 0, 0, 0, 0, 0, 1, 0, 0, 0, 0, 1, 0, 0, 1, 0, 0, 0, 0, 0, 0, 1, 0, 0, 0, 0, 0, 1, 0, 0, 0, 0, 0, 0, 0, 1, 0, 1, 0, 0, 0, 0, 0, 0, 0, 1, 0, 0, 0, 1, 0, 0, 1, 0, 1, 1, 0, 0, 0, 1, 0, 0, 0, 1, 0, 1, 0, 0, 1, 0, 0, 0, 0, 1, 0, 0, 0, 0, 1, 0, 0, 0, 1, 0, 0, 0, 0, 1, 0, 0, 1], 'min_meetings': 17}