Period one
Number of students: 26
Number of girls/boys: 6/20

Event: 1
Group 1: G1, G4, B11, B13, Host: G1
Group 2: G3, G5, B3, B6, Host: B6
Group 3: G2, G6, B5, B10, B18, Host: B5
Group 4: B9, B14, B15, B16, Host: B16
Group 5: B4, B7, B12, B17, Host: B17
Group 6: B1, B2, B8, B19, B20, Host: B2
Event: 2
Group 1: G1, G5, B14, B18, B20, Host: B14
Group 2: G2, G3, B1, B4, Host: B1
Group 3: G4, G6, B3, B9, B17, Host: G6
Group 4: B6, B8, B12, B13, Host: B12
Group 5: B7, B10, B16, B19, Host: B19
Group 6: B2, B5, B11, B15, Host: B11
Event: 3
Group 1: G1, G3, B8, B9, B10, Host: B10
Group 2: G4, G5, B1, B12, B15, Host: B15
Group 3: G2, G6, B11, B19, Host: G2
Group 4: B3, B4, B13, B14, Host: B13
Group 5: B5, B6, B7, B20, Host: B7
Group 6: B2, B16, B17, B18, Host: B18
Event: 4
Group 1: G1, G2, B3, B16, Host: B16
Group 2: G4, G6, B2, B4, B20, Host: B4
Group 3: G3, G5, B11, B17, Host: B11
Group 4: B6, B8, B15, B18, Host: B8
Group 5: B1, B7, B10, B13, Host: B1
Group 6: B5, B9, B12, B14, B19, Host: B9
Event: 5
Group 1: G1, G6, B7, B15, Host: G1
Group 2: G2, G5, B2, B9, B13, Host: G5
Group 3: G3, G4, B18, B19, Host: G3
Group 4: B3, B10, B12, B20, Host: B10
Group 5: B1, B6, B14, B17, Host: B17
Group 6: B4, B5, B8, B11, B16, Host: B5
Event: 6
Group 1: G1, G5, B5, B19, Host: B19
Group 2: G2, G4, B7, B8, B14, Host: G4
Group 3: G3, G6, B12, B16, Host: G6
Group 4: B2, B4, B6, B10, Host: B2
Group 5: B13, B15, B17, B20, Host: B20
Group 6: B1, B3, B9, B11, B18, Host: B3

--------------------------------------------------
The smallest number of meetings a student obtain in the event period: 17
The total number of meetings in the event period: 504
The gap value for the event period: 28.97%
Total solution time for the event period: 3601.99s
--------------------------------------------------
{'temp_x': [0, 2, 1, 0, 1, 2, 5, 5, 1, 4, 2, 1, 4, 5, 3, 2, 0, 4, 0, 3, 3, 3, 4, 2, 5, 5, 0, 1, 1, 2, 0, 2, 1, 5, 2, 1, 5, 3, 4, 3, 2, 4, 5, 3, 3, 0, 5, 4, 2, 0, 4, 0, 0, 2, 0, 1, 1, 2, 1, 5, 3, 3, 4, 4, 4, 0, 0, 0, 2, 1, 3, 3, 1, 5, 5, 5, 2, 4, 0, 0, 2, 1, 2, 1, 4, 1, 0, 1, 5, 3, 4, 3, 5, 4, 2, 5, 4, 5, 3, 0, 2, 3, 5, 1, 0, 1, 2, 2, 1, 0, 4, 1, 3, 5, 5, 4, 0, 5, 1, 3, 5, 3, 1, 4, 0, 5, 4, 2, 2, 3, 0, 1, 2, 1, 0, 2, 5, 3, 5, 3, 0, 3, 1, 1, 5, 3, 5, 2, 4, 1, 4, 2, 4, 5, 0, 4], 'temp_y': [1, 1, 1, 1, 1, 0, 0, 1, 0, 1, 0, 1, 1, 1, 1, 1, 0, 1, 1, 1, 1, 0, 1, 1, 1, 1, 1, 1, 1, 1, 1, 1, 1, 1, 1, 0, 1, 1, 1, 1, 1, 0, 1, 1, 0, 1, 0, 1, 1, 0, 1, 1, 1, 1, 1, 1, 0, 1, 1, 0, 1, 0, 1, 1, 1, 1, 1, 0, 0, 0, 1, 1, 1, 1, 0, 1, 1, 1, 1, 1, 1, 1, 1, 1, 0, 0, 1, 1, 1, 0, 1, 1, 1, 1, 1, 0, 1, 1, 1, 1, 1, 1, 1, 1, 0, 1, 1, 1, 0, 1, 1, 0, 0, 1, 0, 1, 1, 1, 1, 1, 0, 1, 1, 1, 1, 1, 1, 1, 1, 0, 0, 1, 1, 1, 1, 0, 1, 0, 1, 1, 1, 1, 0, 0, 1, 1, 1, 1, 1, 1, 0, 1, 1, 1, 1, 0, 1, 1, 1, 0, 1, 1, 1, 1, 1, 1, 1, 1, 1, 1, 0, 1, 1, 1, 1, 0, 1, 0, 1, 1, 1, 1, 0, 1, 1, 1, 0, 1, 1, 1, 1, 0, 1, 0, 1, 1, 1, 1, 1, 1, 1, 1, 1, 1, 1, 1, 1, 0, 1, 0, 1, 0, 0, 1, 1, 1, 1, 1, 1, 0, 1, 1, 1, 0, 1, 0, 1, 1, 1, 0, 1, 1, 1, 1, 1, 1, 1, 1, 0, 1, 1, 1, 1, 1, 0, 1, 1, 0, 0, 1, 1, 1, 0, 0, 1, 1, 0, 1, 0, 1, 1, 1, 1, 1, 1, 1, 1, 0, 1, 1, 1, 0, 1, 1, 1, 0, 0, 1, 0, 1, 0, 1, 1, 1, 1, 1, 1, 1, 0, 1, 0, 1, 1, 1, 1, 0, 1, 1, 0, 1, 1, 1, 0, 1, 0, 1, 1, 0, 0, 1, 1, 1, 1, 0, 1, 0, 1, 1, 1, 1, 1, 1, 0, 1, 1, 1, 1, 1, 1, 0, 0, 1, 1, 0, 1, 1, 1, 1, 1, 1, 1, 1, 1, 1, 1, 1, 0, 1, 1, 1, 1, 1, 1, 1, 1, 1, 1, 1, 1, 0, 1, 0, 0, 1, 1, 1, 1, 1, 1, 1, 1, 1, 1, 1, 0, 1, 1, 1, 0, 0, 1, 1, 1, 1, 1, 1, 1, 1, 1, 1, 0, 1, 1, 0, 0, 1, 0, 1, 1, 1, 1, 1, 1, 1, 1, 1, 1, 1, 1, 1, 1, 0, 0, 1, 1, 0, 0, 1, 0, 1, 1, 1, 1, 1, 0, 0, 0, 1, 1, 1, 1, 1, 0, 1, 1, 1, 1, 1, 1, 1, 1, 0, 1, 1, 1, 1, 1, 0, 1, 1, 1, 1, 0, 1, 1, 0, 1, 1, 1, 1, 0, 1, 1, 1, 1, 1, 1, 1, 1, 1, 0, 1, 0, 0, 1, 1, 1, 0, 1, 1, 0, 1, 0, 1, 1, 1, 1, 1, 1, 1, 0, 0, 1, 1, 1, 1, 1, 1, 1, 1, 1, 0, 0, 1, 1, 1, 1, 1, 0, 0, 1, 1, 1, 1, 1, 0, 1, 1, 1, 1, 1, 1, 1, 0, 1, 1, 1, 1, 0, 0, 1, 0, 1, 1, 1, 1, 0, 1, 1, 1, 1, 1, 1, 0, 1, 1, 1, 1, 1, 0, 0, 0, 1, 1, 1, 1, 1, 1, 1, 1, 0, 1, 1, 0, 1, 0, 1, 1, 1, 1, 1, 1, 1, 0, 1, 1, 1, 1, 1, 1, 1, 1, 1, 1, 0, 1, 1, 0, 1, 1, 1, 1, 0, 0, 1, 1, 1, 1, 1, 1, 1, 1, 1, 1, 1, 1, 1, 1, 0, 0, 1, 0, 1, 1, 1, 1, 1, 1, 0, 1, 0, 1, 0, 1, 1, 1, 0, 0, 1, 1, 1, 1, 1, 1, 1, 1, 1, 1, 1, 0, 1, 0, 1, 1, 1, 1, 0, 1, 1, 1], 'temp_z': [1, 1, 1, 1, 1, 1, 1, 1, 1, 1, 1, 1, 1, 1, 1, 1, 1, 1, 1, 1, 1, 1, 1, 1, 1, 1, 1, 1, 1, 1, 1, 1, 1, 1, 1, 1], 'temp_host': [1, 0, 0, 0, 1, 0, 0, 0, 1, 0, 0, 0, 0, 0, 0, 0, 1, 0, 0, 0, 0, 0, 0, 1, 0, 0, 0, 0, 1, 0, 0, 1, 0, 0, 0, 1, 0, 1, 0, 1, 0, 0, 1, 0, 0, 0, 0, 1, 0, 0, 0, 0, 0, 1, 0, 0, 0, 1, 0, 0, 1, 0, 0, 0, 1, 0, 1, 0, 0, 0, 0, 0, 0, 0, 1, 0, 0, 0, 0, 0, 0, 1, 0, 0, 0, 0, 0, 1, 0, 0, 0, 0, 1, 0, 1, 0, 0, 1, 0, 1, 0, 0, 0, 1, 0, 0, 0, 0, 0, 0, 1, 0, 0, 0, 0, 1, 0, 0, 0, 0, 0, 0, 1, 0, 0, 0, 1, 0, 0, 1, 0, 0, 1, 0, 0, 0, 1, 0, 0, 0, 1, 0, 0, 0, 0, 1, 0, 0, 0, 1, 0, 0, 0, 0, 0, 1], 'min_meetings': 17}