Period one
Number of students: 26
Number of girls/boys: 7/19

Event: 1
Group 1: G1, G3, B3, B6, Host: G1
Group 2: G4, G6, G7, B15, B18, Host: G6
Group 3: G2, G5, B9, B12, Host: B12
Group 4: B2, B11, B13, B19, Host: B19
Group 5: B4, B7, B14, B16, Host: B14
Group 6: B1, B5, B8, B10, B17, Host: B8
Event: 2
Group 1: G1, G4, B5, B7, B9, Host: B9
Group 2: G5, G7, B6, B10, Host: B6
Group 3: G2, G3, G6, B4, B13, Host: G2
Group 4: B1, B3, B11, B16, Host: B16
Group 5: B12, B15, B17, B19, Host: B15
Group 6: B2, B8, B14, B18, Host: B18
Event: 3
Group 1: G1, G3, G5, B1, B15, Host: G5
Group 2: G6, G7, B2, B5, B16, Host: B2
Group 3: G2, G4, B8, B11, Host: B8
Group 4: B7, B10, B18, B19, Host: B10
Group 5: B4, B6, B9, B17, Host: B4
Group 6: B3, B12, B13, B14, Host: B13
Event: 4
Group 1: G1, G4, G7, B4, B13, Host: G7
Group 2: G3, G6, B7, B8, B12, Host: G3
Group 3: G2, G5, B5, B18, Host: B18
Group 4: B1, B6, B14, B19, Host: B19
Group 5: B2, B3, B9, B10, Host: B9
Group 6: B11, B15, B16, B17, Host: B17
Event: 5
Group 1: G1, G6, B10, B11, B14, Host: B14
Group 2: G2, G7, B1, B7, Host: B7
Group 3: G3, G4, G5, B2, B17, Host: G4
Group 4: B3, B4, B5, B19, Host: B4
Group 5: B6, B12, B16, B18, Host: B6
Group 6: B8, B9, B13, B15, Host: B8
Event: 6
Group 1: G1, G2, G4, B16, B19, Host: G2
Group 2: G3, G7, B9, B11, B18, Host: B11
Group 3: G5, G6, B3, B8, Host: B3
Group 4: B2, B6, B7, B15, Host: B2
Group 5: B5, B13, B14, B17, Host: B5
Group 6: B1, B4, B10, B12, Host: B1

--------------------------------------------------
The smallest number of meetings a student obtain in the event period: 18
The total number of meetings in the event period: 494
The gap value for the event period: 31.58%
Total solution time for the event period: 3601.84s
--------------------------------------------------
{'temp_x': [0, 2, 0, 1, 2, 1, 1, 5, 3, 0, 4, 5, 0, 4, 5, 2, 5, 3, 2, 3, 4, 1, 4, 5, 1, 3, 0, 2, 2, 0, 1, 2, 1, 3, 5, 3, 2, 0, 1, 0, 5, 0, 1, 3, 4, 2, 5, 4, 3, 4, 5, 4, 0, 2, 0, 2, 0, 1, 1, 0, 1, 5, 4, 1, 4, 3, 2, 4, 3, 2, 5, 5, 5, 0, 1, 4, 3, 3, 0, 2, 1, 0, 2, 1, 0, 3, 4, 4, 0, 2, 3, 1, 1, 4, 4, 5, 1, 0, 3, 5, 5, 5, 2, 3, 0, 1, 2, 2, 2, 0, 1, 1, 2, 3, 3, 3, 4, 1, 5, 5, 0, 0, 4, 5, 0, 5, 4, 2, 4, 3, 0, 0, 1, 0, 2, 2, 1, 5, 3, 2, 5, 4, 3, 3, 2, 1, 5, 1, 5, 4, 4, 3, 0, 4, 1, 0], 'temp_y': [1, 1, 1, 1, 1, 1, 1, 0, 1, 1, 1, 1, 1, 0, 1, 1, 1, 0, 1, 1, 1, 1, 0, 0, 1, 1, 1, 1, 1, 1, 1, 1, 0, 0, 1, 1, 0, 1, 1, 1, 0, 1, 1, 1, 0, 0, 1, 0, 1, 1, 1, 1, 1, 1, 1, 1, 1, 1, 1, 1, 0, 1, 1, 1, 1, 0, 1, 1, 1, 0, 1, 0, 1, 1, 0, 1, 1, 1, 1, 1, 1, 0, 1, 0, 1, 1, 0, 1, 1, 1, 0, 1, 0, 1, 0, 1, 1, 1, 1, 1, 1, 1, 1, 1, 1, 1, 1, 1, 1, 0, 1, 1, 0, 1, 1, 1, 0, 1, 0, 0, 1, 0, 1, 1, 0, 1, 1, 1, 1, 1, 1, 0, 1, 1, 1, 1, 0, 1, 1, 0, 1, 1, 1, 1, 1, 1, 1, 0, 1, 0, 1, 1, 1, 1, 1, 1, 1, 1, 0, 1, 1, 1, 1, 0, 1, 1, 1, 0, 1, 0, 1, 1, 0, 1, 0, 1, 1, 1, 0, 1, 0, 1, 0, 1, 1, 1, 1, 1, 1, 0, 1, 1, 1, 0, 1, 1, 1, 1, 0, 1, 0, 0, 1, 1, 1, 1, 1, 0, 1, 0, 1, 1, 1, 1, 1, 1, 1, 0, 1, 1, 1, 1, 1, 1, 1, 1, 0, 1, 0, 1, 1, 0, 1, 1, 1, 1, 1, 0, 1, 1, 1, 1, 1, 1, 1, 0, 1, 0, 0, 1, 1, 1, 1, 1, 0, 1, 1, 1, 0, 1, 1, 1, 1, 0, 1, 1, 0, 1, 1, 1, 0, 1, 1, 0, 1, 1, 1, 0, 1, 1, 1, 1, 1, 1, 1, 1, 0, 1, 1, 1, 1, 0, 0, 1, 1, 0, 1, 1, 1, 1, 1, 0, 1, 0, 1, 0, 1, 1, 1, 1, 1, 0, 1, 0, 1, 1, 0, 1, 0, 1, 1, 1, 1, 1, 1, 1, 1, 1, 1, 0, 1, 1, 1, 1, 0, 1, 1, 1, 1, 1, 1, 0, 1, 0, 1, 1, 1, 0, 1, 1, 0, 1, 1, 1, 1, 1, 0, 1, 1, 1, 0, 1, 0, 1, 1, 1, 1, 1, 1, 1, 1, 0, 1, 1, 0, 1, 1, 1, 1, 1, 0, 1, 0, 1, 1, 1, 1, 1, 1, 1, 1, 1, 1, 1, 0, 1, 0, 1, 1, 0, 1, 0, 0, 0, 1, 1, 1, 1, 1, 1, 1, 1, 1, 1, 1, 1, 1, 1, 0, 1, 0, 0, 1, 1, 1, 1, 1, 1, 1, 0, 1, 1, 1, 1, 1, 0, 0, 0, 0, 1, 1, 1, 0, 1, 1, 1, 1, 1, 1, 1, 0, 1, 1, 0, 1, 1, 0, 1, 0, 1, 1, 0, 1, 1, 1, 1, 1, 0, 1, 1, 1, 1, 1, 1, 1, 1, 1, 1, 1, 0, 1, 1, 0, 1, 1, 1, 1, 0, 0, 1, 1, 0, 1, 1, 1, 1, 0, 1, 0, 1, 1, 0, 0, 0, 0, 1, 0, 1, 1, 1, 1, 1, 1, 1, 1, 0, 1, 1, 1, 1, 0, 1, 1, 1, 1, 1, 0, 1, 1, 1, 1, 1, 1, 1, 0, 0, 0, 1, 1, 1, 1, 0, 1, 1, 1, 0, 1, 1, 1, 1, 1, 1, 0, 1, 0, 1, 1, 1, 1, 1, 1, 1, 1, 1, 0, 0, 0, 1, 1, 0, 1, 1, 1, 1, 1, 0, 0, 1, 1, 1, 0, 0, 1, 1, 0, 1, 1, 1, 0, 1, 1, 1, 1, 1, 1, 1, 1, 1, 0, 1, 0, 1, 1, 1, 1, 1, 1, 0, 1, 0, 0, 1, 1, 1, 1, 1, 1, 1, 1, 0, 1, 1, 1, 0, 1, 1, 1, 0, 1, 0, 0, 0, 1, 1, 1, 1, 1, 1, 1, 0, 0, 1, 1, 1, 1, 1, 1, 1, 1, 1], 'temp_z': [1, 1, 1, 1, 1, 1, 1, 1, 1, 1, 1, 1, 1, 1, 1, 1, 1, 1, 1, 1, 1, 1, 1, 1, 1, 1, 1, 1, 1, 1, 1, 1, 1, 1, 1, 1], 'temp_host': [1, 0, 0, 0, 0, 0, 0, 1, 0, 0, 0, 1, 0, 0, 0, 1, 0, 0, 0, 0, 0, 0, 1, 0, 0, 0, 1, 0, 0, 0, 1, 0, 0, 0, 0, 0, 0, 0, 0, 1, 0, 0, 0, 0, 0, 0, 0, 1, 0, 0, 1, 0, 0, 1, 0, 0, 0, 0, 0, 1, 0, 0, 1, 0, 1, 0, 0, 0, 0, 0, 0, 1, 0, 1, 0, 0, 1, 0, 0, 0, 0, 0, 1, 0, 1, 0, 1, 0, 1, 0, 0, 1, 0, 1, 0, 0, 0, 0, 1, 0, 0, 0, 0, 0, 0, 0, 0, 1, 1, 0, 0, 0, 0, 0, 0, 0, 1, 0, 0, 0, 1, 0, 0, 0, 1, 0, 0, 1, 0, 0, 0, 0, 0, 1, 0, 0, 0, 0, 0, 0, 0, 1, 0, 0, 0, 1, 0, 1, 0, 0, 1, 0, 0, 1, 0, 0], 'min_meetings': 18}