Period one
Number of students: 26
Number of girls/boys: 8/18
Student B1 and B2 will not meet.

Event: 1
Group 1: G1, G3, B13, B17, Host: G3
Group 2: G5, G7, B9, B12, B14, Host: B12
Group 3: G2, G6, B8, B10, Host: G2
Group 4: G4, G8, B2, B7, B11, Host: B7
Group 5: B4, B5, B6, B16, Host: B6
Group 6: B1, B3, B15, B18, Host: B3
Event: 2
Group 1: G1, G6, B1, B7, Host: G6
Group 2: G4, G5, B6, B8, B18, Host: B18
Group 3: G3, G7, B2, B3, Host: G7
Group 4: G2, G8, B5, B9, B13, Host: B13
Group 5: B4, B10, B12, B15, Host: B15
Group 6: B11, B14, B16, B17, Host: B16
Event: 3
Group 1: G1, G7, B6, B9, B11, Host: B11
Group 2: G4, G8, B1, B10, Host: G4
Group 3: G2, G3, B4, B14, B18, Host: B4
Group 4: G5, G6, B3, B5, Host: G5
Group 5: B2, B8, B15, B17, Host: B17
Group 6: B7, B12, B13, B16, Host: B7
Event: 4
Group 1: G1, G6, B2, B4, B12, Host: B2
Group 2: G7, G8, B13, B15, Host: G7
Group 3: G3, G4, B9, B16, Host: B16
Group 4: G2, G5, B6, B7, B17, Host: G2
Group 5: B5, B10, B11, B18, Host: B10
Group 6: B1, B3, B8, B14, Host: B1
Event: 5
Group 1: G1, G8, B16, B18, Host: G1
Group 2: G5, G6, B11, B15, Host: B15
Group 3: G2, G4, B3, B12, Host: G4
Group 4: G3, G7, B5, B7, B8, Host: B8
Group 5: B2, B6, B10, B13, B14, Host: B14
Group 6: B1, B4, B9, B17, Host: B9
Event: 6
Group 1: G1, G4, B5, B14, B15, Host: B5
Group 2: G6, G7, B17, B18, Host: G6
Group 3: G2, G5, B2, B16, Host: B16
Group 4: G3, G8, B1, B6, B12, Host: G8
Group 5: B3, B7, B9, B10, Host: B3
Group 6: B4, B8, B11, B13, Host: B11

--------------------------------------------------
The smallest number of meetings a student obtain in the event period: 17
The total number of meetings in the event period: 506
The gap value for the event period: 28.46%
Total solution time for the event period: 3601.8s
--------------------------------------------------
{'temp_x': [0, 2, 0, 3, 1, 2, 1, 3, 5, 3, 5, 4, 4, 4, 3, 2, 1, 2, 3, 1, 0, 1, 5, 4, 0, 5, 0, 3, 2, 1, 1, 0, 2, 3, 0, 2, 2, 4, 3, 1, 0, 1, 3, 4, 5, 4, 3, 5, 4, 5, 5, 1, 0, 2, 2, 1, 3, 3, 0, 1, 1, 4, 3, 2, 3, 0, 5, 4, 0, 1, 0, 5, 5, 2, 4, 5, 4, 2, 0, 3, 2, 2, 3, 0, 1, 1, 5, 0, 5, 0, 4, 3, 3, 5, 2, 4, 4, 0, 1, 5, 1, 2, 3, 4, 0, 2, 3, 2, 1, 1, 3, 0, 5, 4, 2, 5, 3, 4, 3, 3, 5, 4, 1, 2, 4, 4, 1, 0, 5, 0, 0, 2, 3, 0, 2, 1, 1, 3, 3, 2, 4, 5, 0, 3, 4, 5, 4, 4, 5, 3, 5, 0, 0, 2, 1, 1], 'temp_y': [0, 1, 1, 0, 1, 1, 1, 1, 1, 0, 1, 1, 1, 1, 0, 1, 0, 1, 1, 1, 1, 1, 1, 1, 1, 0, 1, 1, 1, 1, 0, 1, 0, 1, 1, 1, 1, 1, 1, 1, 1, 1, 0, 1, 1, 1, 0, 1, 1, 1, 1, 1, 1, 0, 0, 1, 1, 1, 1, 1, 1, 1, 1, 1, 1, 1, 0, 0, 1, 1, 1, 0, 1, 1, 1, 1, 1, 1, 1, 0, 0, 1, 1, 1, 1, 0, 1, 1, 1, 1, 1, 1, 1, 1, 0, 1, 1, 1, 0, 1, 0, 1, 0, 1, 1, 1, 0, 0, 1, 1, 0, 1, 1, 1, 1, 1, 0, 1, 1, 0, 1, 1, 1, 1, 1, 1, 1, 0, 0, 1, 1, 0, 1, 1, 1, 1, 1, 0, 1, 1, 0, 1, 1, 1, 0, 0, 1, 0, 1, 1, 1, 0, 1, 0, 1, 1, 1, 0, 1, 1, 0, 1, 1, 1, 1, 1, 0, 1, 1, 1, 1, 1, 0, 1, 1, 1, 1, 1, 1, 0, 0, 1, 1, 1, 0, 0, 1, 1, 1, 0, 1, 1, 1, 1, 1, 0, 1, 1, 0, 1, 1, 0, 1, 1, 0, 1, 0, 1, 0, 1, 1, 0, 1, 1, 1, 1, 1, 0, 1, 0, 1, 1, 0, 1, 1, 1, 1, 1, 1, 1, 1, 1, 1, 0, 1, 1, 0, 1, 1, 1, 0, 1, 1, 1, 1, 1, 1, 1, 1, 0, 0, 1, 1, 1, 1, 1, 1, 0, 1, 1, 0, 1, 0, 1, 1, 1, 1, 0, 1, 0, 1, 1, 0, 0, 1, 1, 1, 1, 0, 0, 1, 0, 0, 1, 1, 0, 1, 1, 0, 1, 1, 1, 1, 1, 1, 1, 1, 1, 1, 1, 1, 1, 1, 1, 1, 1, 1, 1, 0, 0, 1, 1, 1, 1, 1, 1, 1, 1, 0, 1, 1, 1, 1, 0, 1, 1, 1, 1, 1, 1, 0, 1, 1, 1, 1, 0, 1, 1, 1, 1, 1, 1, 1, 1, 1, 1, 0, 1, 1, 1, 1, 1, 1, 1, 1, 1, 1, 1, 1, 1, 1, 0, 1, 1, 1, 1, 1, 1, 1, 1, 0, 0, 1, 1, 0, 0, 1, 1, 1, 1, 1, 1, 0, 1, 1, 1, 1, 1, 1, 1, 0, 1, 1, 0, 1, 1, 1, 0, 1, 1, 1, 1, 1, 1, 1, 0, 1, 1, 1, 0, 1, 1, 1, 1, 1, 0, 1, 1, 1, 1, 1, 0, 1, 1, 0, 0, 1, 0, 1, 0, 1, 0, 1, 1, 1, 1, 1, 1, 1, 1, 1, 1, 1, 1, 1, 1, 1, 0, 0, 1, 1, 0, 0, 1, 1, 1, 1, 1, 0, 1, 0, 1, 1, 1, 1, 1, 1, 1, 0, 1, 1, 1, 1, 1, 1, 1, 1, 1, 1, 1, 1, 1, 1, 1, 1, 1, 1, 0, 1, 1, 0, 1, 1, 0, 1, 1, 1, 1, 0, 0, 1, 1, 1, 0, 0, 0, 1, 1, 0, 1, 0, 1, 1, 1, 1, 1, 1, 1, 1, 1, 1, 1, 1, 1, 0, 1, 1, 1, 1, 1, 0, 1, 0, 1, 1, 1, 1, 1, 1, 0, 1, 1, 1, 1, 1, 1, 1, 1, 1, 1, 1, 0, 0, 1, 1, 1, 1, 1, 1, 1, 1, 1, 1, 0, 0, 1, 0, 1, 1, 1, 1, 1, 0, 1, 1, 1, 1, 1, 1, 1, 0, 0, 1, 0, 1, 0, 1, 1, 1, 1, 0, 1, 0, 1, 1, 1, 1, 0, 1, 1, 1, 1, 1, 0, 1, 1, 1, 0, 1, 1, 0, 1, 0, 1, 1, 1, 1, 0, 1, 0, 1, 1, 1, 1, 1, 1, 1, 1, 1, 1, 1, 1, 1, 1, 0, 1, 1, 1, 1, 0, 1, 0, 1, 1, 0, 0, 1, 1, 1, 1], 'temp_z': [1, 1, 1, 1, 1, 1, 1, 1, 1, 1, 1, 1, 1, 1, 1, 1, 1, 1, 1, 1, 1, 1, 1, 1, 1, 1, 1, 1, 1, 1, 1, 1, 1, 1, 1, 1], 'temp_host': [0, 0, 0, 0, 1, 0, 1, 0, 0, 1, 0, 0, 1, 0, 0, 0, 0, 0, 0, 0, 1, 0, 1, 0, 0, 0, 1, 0, 0, 0, 0, 1, 0, 0, 0, 1, 0, 1, 0, 1, 0, 0, 0, 0, 0, 0, 0, 1, 0, 0, 0, 1, 0, 0, 0, 0, 0, 1, 0, 0, 1, 0, 0, 0, 0, 1, 0, 0, 1, 0, 0, 0, 0, 0, 0, 0, 0, 1, 1, 0, 0, 0, 0, 0, 1, 0, 1, 0, 0, 0, 0, 0, 0, 0, 1, 0, 0, 0, 0, 0, 1, 0, 0, 0, 0, 1, 0, 0, 0, 0, 1, 0, 0, 1, 1, 0, 0, 0, 0, 0, 0, 1, 0, 0, 0, 0, 0, 0, 0, 0, 1, 0, 0, 1, 0, 0, 1, 0, 0, 1, 0, 1, 0, 1, 0, 0, 1, 0, 0, 0, 0, 1, 0, 0, 0, 0], 'min_meetings': 17}