Period one
Number of students: 26
Number of girls/boys: 8/18
The gender is ignored.

Event: 1
Group 1: G1, G4, B6, B12, Host: G1
Group 2: G2, G5, B7, B13, B14, Host: B13
Group 3: G6, B1, B4, B10, B11, Host: B1
Group 4: G3, G7, G8, B9, Host: G3
Group 5: B5, B15, B16, B18, Host: B15
Group 6: B2, B3, B8, B17, Host: B2
Event: 2
Group 1: G1, G6, G8, B8, Host: B8
Group 2: G5, B4, B9, B18, Host: B4
Group 3: B1, B3, B5, B14, Host: B3
Group 4: G4, B2, B11, B13, B15, Host: G4
Group 5: G2, G3, B10, B12, Host: B10
Group 6: G7, B6, B7, B16, B17, Host: B17
Event: 3
Group 1: G1, B2, B7, B10, B18, Host: G1
Group 2: G4, G5, G6, G7, Host: G7
Group 3: G3, B1, B8, B15, Host: B1
Group 4: G2, B5, B6, B11, Host: B6
Group 5: B9, B12, B14, B17, Host: B12
Group 6: G8, B3, B4, B13, B16, Host: G8
Event: 4
Group 1: G1, G2, B4, B9, Host: B9
Group 2: G3, G6, B13, B17, B18, Host: B17
Group 3: G5, G8, B2, B5, B12, Host: B2
Group 4: G4, B8, B14, B16, Host: B14
Group 5: G7, B1, B7, B11, Host: B7
Group 6: B3, B6, B10, B15, Host: B10
Event: 5
Group 1: G1, G7, B12, B15, Host: G7
Group 2: G3, G4, B4, B5, B7, Host: G3
Group 3: G8, B10, B14, B18, Host: B18
Group 4: G5, B3, B11, B17, Host: G5
Group 5: G2, G6, B2, B16, Host: G6
Group 6: B1, B6, B8, B9, B13, Host: B13
Event: 6
Group 1: G1, G3, G5, B16, Host: B16
Group 2: G7, B5, B10, B13, Host: B5
Group 3: B8, B11, B12, B18, Host: B11
Group 4: B2, B4, B6, B14, Host: B4
Group 5: G6, B3, B7, B9, B15, Host: B9
Group 6: G2, G4, G8, B1, B17, Host: G2

--------------------------------------------------
The smallest number of meetings a student obtain in the event period: 18
The total number of meetings in the event period: 512
The gap value for the event period: 26.95%
Total solution time for the event period: 3601.76s
--------------------------------------------------
{'temp_x': [0, 1, 3, 0, 1, 2, 3, 3, 2, 5, 5, 2, 4, 0, 1, 5, 3, 2, 2, 0, 1, 1, 4, 4, 5, 4, 0, 4, 4, 3, 1, 0, 5, 0, 2, 3, 2, 1, 2, 5, 5, 0, 1, 4, 3, 4, 3, 2, 3, 5, 5, 1, 0, 3, 2, 1, 1, 1, 1, 5, 2, 0, 5, 5, 3, 3, 0, 2, 4, 0, 3, 4, 5, 4, 2, 5, 4, 0, 0, 0, 1, 3, 2, 1, 4, 2, 4, 2, 5, 0, 2, 5, 4, 3, 0, 5, 4, 2, 1, 3, 5, 3, 1, 1, 0, 4, 1, 1, 3, 4, 0, 2, 5, 4, 3, 1, 1, 5, 1, 5, 5, 2, 3, 0, 5, 2, 0, 4, 3, 2, 0, 5, 0, 5, 0, 4, 1, 5, 5, 3, 4, 3, 1, 3, 4, 2, 4, 1, 2, 2, 1, 3, 4, 0, 5, 2], 'temp_y': [1, 1, 1, 1, 1, 1, 1, 0, 1, 0, 1, 0, 1, 1, 1, 1, 1, 0, 1, 0, 0, 1, 1, 0, 1, 1, 1, 1, 1, 1, 0, 1, 1, 1, 0, 1, 1, 1, 1, 0, 1, 1, 1, 1, 1, 1, 0, 1, 1, 0, 1, 1, 1, 1, 1, 1, 1, 1, 0, 0, 1, 1, 0, 1, 1, 1, 1, 0, 1, 1, 0, 1, 1, 1, 1, 1, 1, 1, 1, 1, 1, 1, 1, 1, 0, 1, 1, 1, 1, 1, 0, 0, 1, 1, 1, 1, 1, 1, 1, 0, 1, 1, 1, 1, 1, 1, 1, 0, 1, 1, 1, 1, 0, 1, 0, 1, 0, 1, 1, 1, 1, 0, 1, 1, 1, 1, 1, 1, 1, 1, 1, 1, 1, 1, 1, 1, 0, 0, 1, 1, 1, 1, 1, 0, 1, 0, 1, 1, 1, 1, 1, 0, 1, 1, 1, 1, 1, 1, 0, 0, 0, 1, 1, 1, 0, 1, 1, 1, 1, 1, 0, 1, 1, 1, 0, 1, 1, 1, 1, 1, 1, 1, 1, 1, 1, 1, 1, 0, 0, 1, 1, 1, 0, 1, 1, 1, 0, 1, 1, 1, 0, 1, 1, 1, 0, 1, 1, 1, 0, 1, 1, 1, 1, 1, 1, 1, 1, 1, 0, 1, 1, 1, 0, 1, 0, 1, 1, 0, 1, 1, 1, 0, 1, 0, 1, 1, 1, 1, 1, 1, 0, 1, 1, 1, 1, 1, 1, 1, 1, 1, 0, 0, 0, 0, 1, 1, 0, 1, 1, 1, 1, 1, 1, 1, 1, 1, 1, 1, 0, 1, 1, 1, 1, 1, 0, 1, 1, 1, 1, 1, 1, 0, 1, 1, 1, 1, 1, 1, 1, 0, 1, 1, 1, 0, 1, 1, 0, 1, 0, 1, 0, 1, 1, 1, 1, 0, 1, 1, 1, 1, 1, 1, 1, 1, 0, 0, 1, 1, 1, 1, 1, 1, 1, 0, 1, 1, 1, 0, 1, 0, 0, 1, 0, 1, 1, 1, 1, 1, 1, 1, 1, 1, 1, 1, 1, 1, 1, 1, 1, 0, 1, 1, 1, 1, 1, 1, 1, 0, 1, 1, 1, 1, 1, 1, 0, 1, 1, 1, 0, 1, 1, 1, 1, 1, 1, 1, 0, 1, 1, 0, 1, 0, 1, 1, 1, 1, 0, 0, 1, 0, 1, 0, 1, 1, 1, 1, 1, 1, 1, 1, 1, 1, 1, 0, 1, 1, 1, 1, 1, 0, 1, 1, 0, 1, 1, 1, 0, 0, 1, 1, 1, 1, 0, 1, 1, 1, 1, 1, 0, 0, 1, 1, 1, 1, 1, 1, 1, 1, 1, 1, 0, 0, 1, 1, 1, 1, 1, 0, 0, 1, 0, 1, 0, 1, 1, 1, 1, 0, 1, 1, 1, 1, 1, 1, 1, 1, 0, 1, 1, 1, 0, 1, 0, 1, 1, 1, 1, 1, 1, 1, 0, 1, 1, 0, 1, 0, 0, 1, 1, 0, 1, 1, 1, 1, 0, 1, 1, 0, 1, 1, 0, 1, 1, 1, 1, 1, 1, 1, 1, 1, 1, 1, 1, 1, 1, 1, 1, 1, 1, 0, 1, 1, 1, 1, 1, 0, 1, 0, 1, 1, 0, 0, 1, 1, 1, 1, 1, 1, 1, 1, 1, 1, 1, 0, 1, 1, 0, 1, 1, 1, 1, 0, 1, 1, 0, 1, 1, 0, 1, 1, 1, 0, 1, 1, 1, 1, 1, 1, 1, 1, 1, 0, 1, 0, 1, 1, 1, 1, 1, 1, 1, 1, 1, 0, 1, 1, 1, 1, 1, 1, 1, 0, 0, 0, 0, 1, 1, 1, 1, 1, 0, 1, 1, 1, 1, 1, 1, 1, 1, 1, 1, 0, 0, 1, 1, 1, 1, 0, 1, 1, 1, 1, 0, 1, 1, 1, 0, 1, 0, 1, 1, 0, 1, 0, 1, 0, 1, 1, 0, 1, 1, 1, 1, 1, 1, 1, 1, 1, 1, 1], 'temp_z': [1, 1, 1, 1, 1, 1, 1, 1, 1, 1, 1, 1, 1, 1, 1, 1, 1, 1, 1, 1, 1, 1, 1, 1, 1, 1, 1, 1, 1, 1, 1, 1, 1, 1, 1, 1], 'temp_host': [1, 0, 1, 0, 0, 0, 0, 0, 0, 0, 0, 1, 1, 0, 0, 0, 1, 0, 0, 1, 0, 0, 0, 0, 0, 0, 0, 0, 1, 0, 0, 0, 0, 0, 1, 0, 0, 0, 1, 0, 1, 0, 0, 0, 1, 0, 0, 0, 1, 0, 1, 0, 0, 0, 1, 0, 0, 1, 0, 0, 0, 1, 0, 0, 0, 0, 0, 1, 0, 0, 0, 1, 0, 0, 0, 0, 0, 1, 0, 0, 1, 0, 0, 0, 0, 0, 0, 1, 0, 0, 0, 1, 0, 0, 0, 0, 0, 0, 0, 1, 0, 1, 0, 1, 0, 1, 0, 0, 0, 0, 0, 0, 0, 1, 0, 0, 1, 0, 0, 0, 1, 0, 0, 0, 1, 0, 0, 0, 0, 1, 0, 0, 1, 0, 0, 0, 0, 0, 0, 0, 0, 0, 0, 1, 0, 1, 0, 1, 0, 0, 0, 0, 0, 0, 1, 0], 'min_meetings': 18}