Period one
Number of students: 26
Number of girls/boys: 8/18

Event: 1
Group 1: G1, G3, B3, B7, Host: B3
Group 2: G6, G8, B5, B16, B18, Host: G6
Group 3: G2, G7, B2, B15, Host: G2
Group 4: G4, G5, B9, B14, Host: G5
Group 5: B4, B8, B10, B11, B17, Host: B17
Group 6: B1, B6, B12, B13, Host: B6
Event: 2
Group 1: G1, G4, B4, B6, B18, Host: B4
Group 2: G2, G8, B11, B13, Host: G8
Group 3: G5, G7, B7, B12, B17, Host: B7
Group 4: G3, G6, B1, B9, Host: G3
Group 5: B8, B14, B15, B16, Host: B8
Group 6: B2, B3, B5, B10, Host: B5
Event: 3
Group 1: G1, G8, B2, B12, B14, Host: B12
Group 2: G2, G4, B8, B9, Host: G2
Group 3: G3, G7, B11, B16, Host: B16
Group 4: G5, G6, B6, B10, Host: G5
Group 5: B1, B4, B5, B7, Host: B1
Group 6: B3, B13, B15, B17, B18, Host: B18
Event: 4
Group 1: G1, G5, B5, B15, Host: G1
Group 2: G7, G8, B9, B10, Host: G8
Group 3: G2, G3, B6, B14, B17, Host: B14
Group 4: G4, G6, B7, B11, B13, Host: B13
Group 5: B3, B4, B12, B16, Host: B3
Group 6: B1, B2, B8, B18, Host: B2
Event: 5
Group 1: G1, G2, B1, B10, B16, Host: B1
Group 2: G4, G8, B15, B17, Host: G4
Group 3: G3, G5, B2, B4, B13, Host: B4
Group 4: G6, G7, B3, B14, Host: G6
Group 5: B5, B6, B7, B8, Host: B7
Group 6: B9, B11, B12, B18, Host: B9
Event: 6
Group 1: G1, G7, B8, B13, Host: G7
Group 2: G5, G8, B1, B3, B11, Host: B11
Group 3: G2, G6, B4, B15, Host: B15
Group 4: G3, G4, B5, B12, Host: B5
Group 5: B2, B6, B9, B16, B17, Host: B16
Group 6: B7, B10, B14, B18, Host: B10

--------------------------------------------------
The smallest number of meetings a student obtain in the event period: 17
The total number of meetings in the event period: 514
The gap value for the event period: 26.46%
Total solution time for the event period: 3601.73s
--------------------------------------------------
{'temp_x': [0, 2, 0, 3, 3, 1, 2, 1, 5, 2, 0, 4, 1, 5, 0, 4, 3, 4, 4, 5, 5, 3, 2, 1, 4, 1, 0, 1, 3, 0, 2, 3, 2, 1, 3, 5, 5, 0, 5, 0, 2, 4, 3, 5, 1, 2, 1, 4, 4, 4, 2, 0, 0, 1, 2, 1, 3, 3, 2, 0, 4, 0, 5, 4, 4, 3, 4, 1, 1, 3, 2, 0, 5, 0, 5, 2, 5, 5, 0, 2, 2, 3, 0, 3, 1, 1, 5, 5, 4, 4, 0, 2, 3, 5, 1, 1, 3, 4, 3, 2, 0, 4, 2, 5, 0, 0, 2, 1, 2, 3, 3, 1, 0, 2, 3, 2, 4, 4, 4, 4, 5, 0, 5, 5, 2, 3, 1, 0, 1, 5, 0, 2, 3, 3, 1, 2, 0, 1, 1, 4, 1, 2, 3, 4, 5, 0, 4, 5, 1, 3, 0, 5, 2, 4, 4, 5], 'temp_y': [1, 1, 1, 1, 0, 1, 1, 1, 1, 1, 1, 1, 1, 1, 1, 0, 1, 0, 1, 1, 1, 1, 1, 0, 1, 1, 1, 1, 0, 1, 1, 1, 1, 1, 0, 1, 0, 1, 0, 1, 1, 1, 1, 0, 1, 1, 1, 1, 1, 0, 1, 1, 1, 1, 1, 1, 0, 1, 1, 1, 1, 1, 1, 1, 0, 1, 0, 1, 1, 1, 1, 0, 1, 1, 0, 1, 1, 1, 1, 1, 0, 1, 0, 0, 0, 1, 1, 1, 1, 1, 1, 0, 1, 1, 1, 1, 1, 0, 1, 1, 1, 0, 1, 1, 1, 1, 1, 1, 1, 1, 1, 1, 1, 1, 0, 1, 1, 1, 1, 1, 1, 1, 0, 1, 0, 0, 1, 1, 1, 1, 1, 1, 1, 0, 1, 1, 1, 1, 1, 0, 1, 1, 1, 0, 1, 1, 1, 1, 0, 1, 1, 1, 1, 0, 1, 1, 1, 0, 1, 1, 0, 0, 0, 1, 1, 1, 1, 1, 1, 1, 1, 1, 1, 1, 0, 1, 1, 0, 1, 1, 1, 1, 1, 1, 1, 0, 1, 0, 0, 0, 1, 1, 1, 1, 1, 1, 1, 1, 1, 1, 1, 1, 1, 0, 1, 1, 0, 1, 1, 1, 1, 1, 1, 1, 1, 1, 1, 1, 1, 1, 0, 0, 1, 0, 1, 1, 1, 1, 0, 1, 0, 1, 1, 1, 1, 1, 1, 1, 0, 1, 1, 1, 0, 1, 1, 1, 1, 1, 1, 1, 1, 0, 1, 0, 1, 1, 1, 1, 1, 1, 1, 1, 0, 1, 0, 0, 1, 1, 1, 1, 1, 1, 1, 1, 1, 1, 1, 1, 1, 1, 1, 0, 0, 1, 1, 1, 1, 1, 1, 1, 0, 1, 1, 1, 1, 0, 1, 1, 1, 1, 1, 0, 1, 1, 1, 1, 0, 1, 1, 1, 1, 1, 1, 1, 1, 0, 1, 0, 1, 0, 0, 1, 1, 0, 1, 1, 1, 1, 1, 1, 1, 0, 0, 1, 1, 0, 1, 1, 1, 1, 1, 1, 0, 1, 1, 1, 0, 1, 1, 1, 1, 0, 1, 1, 1, 1, 1, 0, 1, 0, 1, 1, 1, 1, 1, 0, 1, 1, 1, 1, 1, 0, 0, 1, 1, 1, 1, 0, 1, 0, 0, 1, 0, 1, 1, 0, 1, 1, 1, 1, 1, 1, 1, 0, 1, 1, 1, 1, 1, 1, 0, 1, 1, 1, 1, 1, 1, 1, 1, 1, 0, 0, 0, 1, 0, 1, 1, 1, 1, 0, 1, 0, 1, 1, 1, 1, 1, 0, 0, 1, 1, 1, 1, 1, 1, 1, 1, 1, 1, 1, 1, 1, 1, 0, 0, 1, 0, 1, 1, 1, 0, 1, 1, 1, 1, 1, 1, 1, 1, 0, 1, 1, 0, 0, 1, 1, 1, 1, 1, 1, 0, 0, 1, 1, 1, 1, 0, 1, 1, 1, 0, 1, 1, 1, 1, 1, 1, 1, 1, 1, 0, 1, 0, 1, 1, 1, 0, 1, 1, 1, 1, 1, 1, 1, 1, 1, 1, 1, 1, 1, 1, 1, 0, 1, 1, 1, 0, 0, 1, 1, 0, 1, 0, 1, 1, 1, 1, 1, 1, 1, 1, 1, 1, 0, 1, 1, 0, 0, 1, 1, 1, 1, 1, 0, 1, 0, 1, 1, 1, 1, 1, 1, 0, 1, 1, 1, 1, 1, 0, 1, 1, 1, 1, 0, 0, 1, 0, 0, 0, 0, 1, 1, 1, 1, 1, 1, 1, 1, 0, 0, 1, 1, 1, 1, 1, 1, 1, 1, 1, 0, 1, 1, 1, 1, 1, 0, 1, 1, 1, 1, 0, 1, 1, 1, 1, 0, 1, 1, 0, 1, 1, 1, 0, 1, 1, 1, 1, 1, 1, 1, 1, 1, 1, 1, 1, 1, 0, 0, 1, 0, 1, 0, 1, 1, 1, 1, 1, 1, 1, 1, 1, 1, 1, 1, 1, 1, 1, 1, 1, 1], 'temp_z': [1, 1, 1, 1, 1, 1, 1, 1, 1, 1, 1, 1, 1, 1, 1, 1, 1, 1, 1, 1, 1, 1, 1, 1, 1, 1, 1, 1, 1, 1, 1, 1, 1, 1, 1, 1], 'temp_host': [0, 0, 0, 1, 0, 0, 1, 0, 1, 0, 0, 0, 0, 1, 0, 0, 0, 0, 0, 0, 0, 0, 1, 0, 1, 0, 1, 0, 0, 0, 1, 0, 0, 0, 1, 0, 0, 0, 0, 0, 0, 1, 0, 1, 0, 1, 0, 0, 0, 0, 1, 0, 1, 0, 0, 0, 0, 1, 0, 0, 1, 0, 0, 1, 0, 0, 0, 1, 0, 0, 1, 0, 0, 1, 0, 0, 0, 1, 1, 0, 0, 0, 0, 0, 0, 1, 0, 0, 1, 0, 0, 1, 0, 0, 0, 0, 0, 0, 0, 0, 1, 0, 0, 0, 0, 0, 0, 1, 0, 0, 0, 0, 0, 1, 0, 0, 1, 0, 0, 0, 0, 0, 0, 1, 0, 0, 0, 0, 0, 1, 0, 0, 0, 0, 0, 0, 0, 1, 0, 0, 1, 0, 0, 1, 1, 0, 0, 0, 0, 0, 0, 0, 1, 0, 0, 0], 'min_meetings': 17}