Period one
Number of students: 26
Number of girls/boys: 8/18
Student B14 will not get visited.

Event: 1
Group 1: G1, G3, B14, B16, Host: G1
Group 2: G5, G8, B2, B12, Host: G5
Group 3: G4, G6, B1, B10, B13, Host: B10
Group 4: G2, G7, B9, B17, Host: B17
Group 5: B3, B4, B5, B7, B18, Host: B5
Group 6: B6, B8, B11, B15, Host: B6
Event: 2
Group 1: G1, G8, B10, B18, Host: B18
Group 2: G4, G7, B2, B4, Host: G7
Group 3: G2, G3, B1, B6, B12, Host: B12
Group 4: G5, G6, B7, B15, Host: B7
Group 5: B5, B8, B9, B13, B14, Host: B9
Group 6: B3, B11, B16, B17, Host: B3
Event: 3
Group 1: G1, G7, B6, B7, B13, Host: G1
Group 2: G2, G4, B16, B18, Host: B16
Group 3: G6, G8, B5, B11, Host: G8
Group 4: G3, G5, B4, B9, B10, Host: B10
Group 5: B1, B2, B3, B8, Host: B8
Group 6: B12, B14, B15, B17, Host: B15
Event: 4
Group 1: G1, G2, B2, B15, Host: G2
Group 2: G4, G8, B3, B6, B9, Host: G4
Group 3: G3, G6, B8, B17, B18, Host: B17
Group 4: G5, G7, B1, B5, Host: B5
Group 5: B7, B10, B11, B14, Host: B7
Group 6: B4, B12, B13, B16, Host: B4
Event: 5
Group 1: G1, G8, B1, B4, B17, Host: B1
Group 2: G3, G4, B5, B15, Host: G3
Group 3: G6, G7, B3, B10, B12, Host: B12
Group 4: G2, G5, B8, B11, Host: B11
Group 5: B6, B13, B14, B18, Host: B13
Group 6: B2, B7, B9, B16, Host: B2
Event: 6
Group 1: G1, G4, B7, B8, B12, Host: G4
Group 2: G3, G5, B3, B13, Host: B3
Group 3: G7, G8, B15, B16, Host: B16
Group 4: G2, G6, B4, B14, Host: G6
Group 5: B2, B5, B6, B10, B17, Host: B17
Group 6: B1, B9, B11, B18, Host: B9

--------------------------------------------------
The smallest number of meetings a student obtain in the event period: 17
The total number of meetings in the event period: 514
The gap value for the event period: 26.46%
Total solution time for the event period: 3601.62s
--------------------------------------------------
{'temp_x': [0, 3, 0, 2, 1, 2, 3, 1, 2, 1, 4, 4, 4, 5, 4, 5, 3, 2, 5, 1, 2, 0, 5, 0, 3, 4, 0, 2, 2, 1, 3, 3, 1, 0, 2, 1, 5, 1, 4, 2, 3, 4, 4, 0, 5, 2, 4, 4, 3, 5, 5, 0, 0, 1, 3, 1, 3, 2, 0, 2, 4, 4, 4, 3, 2, 0, 0, 4, 3, 3, 2, 5, 0, 5, 5, 1, 5, 1, 0, 0, 2, 1, 3, 2, 3, 1, 3, 0, 1, 5, 3, 1, 4, 2, 1, 4, 4, 5, 5, 4, 0, 5, 2, 2, 0, 3, 1, 1, 3, 2, 2, 0, 0, 5, 2, 0, 1, 4, 5, 3, 5, 2, 3, 2, 4, 4, 1, 5, 0, 4, 0, 3, 1, 0, 1, 3, 2, 2, 5, 4, 1, 3, 4, 4, 0, 0, 5, 4, 5, 0, 1, 3, 2, 2, 4, 5], 'temp_y': [1, 1, 1, 0, 0, 1, 1, 1, 1, 0, 1, 0, 1, 1, 1, 0, 1, 0, 1, 1, 1, 1, 1, 1, 1, 1, 1, 1, 1, 1, 1, 0, 1, 1, 0, 1, 0, 1, 0, 1, 1, 0, 1, 1, 0, 1, 1, 1, 1, 1, 1, 1, 1, 1, 1, 0, 0, 1, 0, 1, 1, 1, 1, 0, 1, 1, 1, 0, 1, 1, 1, 1, 1, 1, 1, 1, 1, 1, 0, 1, 1, 1, 1, 1, 1, 1, 1, 1, 1, 1, 1, 1, 0, 1, 1, 0, 1, 1, 0, 1, 0, 1, 1, 0, 1, 1, 1, 1, 1, 1, 1, 1, 0, 1, 1, 1, 1, 1, 1, 1, 0, 1, 0, 0, 0, 0, 1, 1, 1, 1, 1, 1, 1, 0, 1, 1, 1, 0, 1, 1, 0, 1, 1, 1, 1, 1, 1, 0, 1, 1, 1, 1, 0, 1, 1, 1, 1, 1, 1, 1, 1, 1, 1, 1, 0, 1, 1, 0, 1, 1, 0, 1, 1, 1, 0, 1, 0, 0, 1, 1, 1, 1, 1, 1, 1, 1, 1, 1, 0, 0, 1, 1, 1, 1, 0, 0, 1, 1, 1, 1, 1, 1, 1, 1, 1, 1, 1, 1, 1, 1, 1, 1, 1, 0, 1, 1, 1, 1, 1, 1, 0, 0, 0, 1, 1, 1, 1, 0, 1, 1, 0, 1, 1, 1, 1, 1, 1, 1, 1, 1, 1, 1, 0, 1, 0, 0, 1, 1, 1, 0, 0, 0, 1, 1, 1, 1, 1, 1, 1, 1, 1, 1, 1, 1, 1, 1, 1, 1, 1, 1, 0, 0, 1, 1, 1, 1, 1, 1, 1, 1, 1, 1, 1, 1, 1, 1, 1, 0, 1, 0, 1, 1, 0, 1, 1, 1, 0, 1, 1, 1, 0, 0, 1, 1, 1, 1, 1, 1, 1, 1, 1, 1, 1, 1, 1, 1, 1, 1, 0, 1, 1, 1, 0, 1, 1, 1, 1, 1, 1, 0, 0, 1, 1, 1, 1, 1, 0, 1, 1, 1, 1, 1, 1, 1, 1, 1, 1, 0, 1, 1, 1, 0, 0, 1, 1, 1, 1, 0, 0, 1, 1, 1, 1, 1, 1, 1, 1, 1, 1, 1, 1, 1, 1, 0, 1, 1, 1, 1, 1, 1, 1, 0, 0, 1, 1, 1, 0, 1, 1, 1, 1, 0, 1, 1, 1, 1, 1, 0, 1, 1, 0, 1, 1, 1, 1, 0, 1, 1, 1, 1, 1, 1, 1, 1, 1, 1, 1, 1, 0, 1, 1, 0, 1, 1, 1, 1, 0, 1, 1, 1, 1, 1, 1, 1, 1, 1, 1, 1, 1, 1, 0, 1, 1, 1, 1, 1, 0, 0, 1, 1, 0, 1, 0, 0, 1, 1, 0, 1, 1, 0, 1, 0, 1, 1, 1, 1, 1, 1, 0, 0, 1, 1, 1, 1, 1, 1, 1, 1, 1, 1, 1, 1, 1, 1, 1, 1, 1, 0, 1, 1, 1, 0, 1, 0, 1, 1, 1, 1, 1, 0, 1, 0, 1, 1, 1, 1, 1, 0, 1, 0, 1, 1, 1, 1, 1, 1, 1, 1, 0, 1, 1, 0, 1, 0, 1, 1, 1, 1, 0, 0, 1, 0, 0, 0, 0, 0, 1, 1, 1, 1, 1, 1, 1, 1, 1, 1, 1, 1, 1, 1, 1, 1, 1, 1, 1, 1, 1, 1, 0, 1, 0, 0, 1, 1, 1, 1, 0, 0, 1, 1, 0, 1, 1, 1, 0, 1, 1, 1, 1, 0, 0, 1, 1, 0, 1, 1, 1, 0, 0, 1, 0, 1, 0, 1, 1, 1, 1, 1, 1, 1, 1, 1, 1, 0, 0, 1, 1, 1, 1, 1, 1, 1, 1, 1, 0, 1, 1, 1, 1, 1, 0, 1, 1, 1, 1, 1, 1, 1, 1, 0, 1, 0, 1, 1, 0, 1, 1, 1, 1, 1, 1, 1, 1, 1, 0, 1, 1, 0, 1, 1], 'temp_z': [1, 1, 1, 1, 1, 1, 1, 1, 1, 1, 1, 1, 1, 1, 1, 1, 1, 1, 1, 1, 1, 1, 1, 1, 1, 1, 1, 1, 1, 1, 1, 1, 1, 1, 1, 1], 'temp_host': [1, 0, 1, 0, 0, 0, 0, 0, 0, 1, 0, 0, 0, 0, 0, 0, 1, 0, 0, 0, 0, 1, 0, 1, 1, 0, 0, 0, 0, 0, 0, 0, 0, 0, 0, 1, 0, 1, 0, 0, 0, 0, 0, 0, 1, 0, 0, 0, 0, 0, 0, 0, 1, 0, 0, 0, 0, 0, 1, 0, 0, 1, 0, 0, 0, 1, 0, 0, 0, 1, 0, 0, 1, 0, 0, 1, 0, 0, 1, 0, 0, 0, 0, 0, 0, 1, 0, 1, 0, 0, 0, 0, 1, 0, 0, 0, 0, 1, 0, 0, 0, 1, 1, 0, 1, 0, 0, 0, 0, 0, 0, 0, 1, 0, 0, 1, 0, 0, 1, 0, 0, 0, 0, 0, 1, 0, 0, 0, 0, 0, 0, 0, 0, 0, 1, 0, 0, 0, 0, 0, 1, 0, 0, 1, 1, 0, 0, 1, 0, 1, 0, 1, 0, 0, 0, 0], 'min_meetings': 17}