Period one
Number of students: 26
Number of girls/boys: 8/18
Student G5 and G6 will always meet.

Event: 1
Group 1: G1, G8, B5, B18, Host: G1
Group 2: G5, G6, B7, B8, B13, Host: B7
Group 3: G2, G7, B2, B3, Host: B2
Group 4: G3, G4, B1, B6, B15, Host: G4
Group 5: B4, B10, B12, B17, Host: B12
Group 6: B9, B11, B14, B16, Host: B9
Event: 2
Group 1: G1, G2, B1, B14, Host: B14
Group 2: G5, G6, B4, B15, B18, Host: G5
Group 3: G4, G7, B5, B11, B13, Host: B11
Group 4: G3, G8, B2, B17, Host: G8
Group 5: B6, B8, B12, B16, Host: B8
Group 6: B3, B7, B9, B10, Host: B10
Event: 3
Group 1: G1, G7, B8, B10, Host: G7
Group 2: G3, G4, B14, B18, Host: B18
Group 3: G2, G8, B4, B13, B16, Host: B13
Group 4: G5, G6, B1, B3, B11, Host: B3
Group 5: B2, B9, B12, B15, Host: B9
Group 6: B5, B6, B7, B17, Host: B5
Event: 4
Group 1: G1, G2, B11, B15, B17, Host: B15
Group 2: G5, G6, B6, B10, Host: B10
Group 3: G3, G7, B1, B4, B5, Host: B4
Group 4: G4, G8, B8, B9, Host: B8
Group 5: B2, B7, B16, B18, Host: B16
Group 6: B3, B12, B13, B14, Host: B12
Event: 5
Group 1: G1, G4, B4, B7, Host: B7
Group 2: G5, G6, B14, B17, Host: B14
Group 3: G2, G7, B6, B9, B18, Host: B6
Group 4: G3, G8, B11, B12, Host: G3
Group 5: B3, B5, B8, B15, B16, Host: B5
Group 6: B1, B2, B10, B13, Host: B1
Event: 6
Group 1: G1, G3, B3, B13, Host: B13
Group 2: G5, G6, B5, B9, B12, Host: G6
Group 3: G2, G4, B10, B16, Host: G2
Group 4: G7, G8, B7, B14, B15, Host: G7
Group 5: B2, B4, B6, B11, Host: B4
Group 6: B1, B8, B17, B18, Host: B17

--------------------------------------------------
The smallest number of meetings a student obtain in the event period: 17
The total number of meetings in the event period: 498
The gap value for the event period: 29.72%
Total solution time for the event period: 3601.75s
--------------------------------------------------
{'temp_x': [0, 2, 3, 3, 1, 1, 2, 0, 3, 2, 2, 4, 0, 3, 1, 1, 5, 4, 5, 4, 1, 5, 3, 5, 4, 0, 0, 0, 3, 2, 1, 1, 2, 3, 0, 3, 5, 1, 2, 4, 5, 4, 5, 5, 2, 4, 2, 0, 1, 4, 3, 1, 0, 2, 1, 1, 3, 3, 0, 2, 3, 4, 3, 2, 5, 5, 5, 0, 4, 0, 3, 4, 2, 1, 4, 2, 5, 1, 0, 0, 2, 3, 1, 1, 2, 3, 2, 4, 5, 2, 2, 1, 4, 3, 3, 1, 0, 5, 5, 5, 0, 4, 0, 4, 0, 2, 3, 0, 1, 1, 2, 3, 5, 5, 4, 0, 4, 2, 0, 4, 2, 5, 3, 3, 5, 1, 4, 4, 1, 2, 0, 2, 0, 2, 1, 1, 3, 3, 5, 4, 0, 4, 1, 4, 3, 5, 1, 2, 4, 1, 0, 3, 3, 2, 5, 5], 'temp_y': [1, 1, 1, 0, 0, 1, 1, 1, 0, 1, 1, 1, 0, 1, 1, 0, 1, 1, 0, 1, 1, 1, 0, 1, 1, 1, 0, 1, 0, 0, 1, 1, 1, 1, 1, 1, 0, 1, 0, 0, 1, 1, 1, 0, 1, 1, 1, 1, 1, 1, 1, 0, 1, 0, 0, 1, 1, 1, 1, 1, 1, 1, 1, 0, 0, 0, 0, 1, 1, 1, 1, 1, 0, 1, 1, 1, 1, 1, 0, 0, 1, 1, 1, 0, 0, 1, 1, 1, 1, 1, 1, 1, 1, 0, 1, 1, 1, 1, 0, 1, 0, 0, 0, 0, 1, 0, 0, 1, 0, 1, 1, 1, 1, 1, 1, 1, 1, 1, 1, 1, 1, 1, 0, 1, 1, 0, 0, 0, 0, 1, 0, 0, 1, 0, 1, 1, 1, 1, 1, 1, 1, 1, 1, 1, 1, 1, 1, 0, 1, 1, 1, 1, 1, 1, 0, 0, 1, 1, 1, 1, 1, 1, 1, 1, 1, 1, 1, 1, 0, 1, 1, 1, 0, 0, 1, 1, 1, 1, 1, 0, 0, 1, 0, 1, 0, 1, 1, 0, 1, 1, 1, 0, 1, 1, 1, 1, 1, 1, 1, 1, 1, 1, 1, 1, 1, 1, 1, 0, 1, 1, 1, 1, 1, 0, 1, 0, 1, 1, 0, 1, 1, 1, 0, 1, 1, 0, 1, 1, 0, 0, 0, 1, 1, 1, 1, 1, 0, 1, 1, 0, 1, 1, 1, 1, 1, 0, 1, 1, 1, 1, 1, 1, 1, 0, 1, 1, 1, 0, 1, 1, 0, 1, 0, 1, 1, 1, 1, 1, 1, 1, 1, 1, 1, 0, 0, 1, 1, 1, 1, 1, 1, 1, 1, 1, 1, 0, 1, 1, 1, 0, 0, 1, 1, 1, 1, 0, 1, 1, 1, 1, 1, 0, 1, 1, 1, 1, 1, 1, 1, 0, 1, 1, 1, 1, 1, 1, 0, 1, 1, 1, 0, 1, 1, 1, 1, 0, 1, 1, 1, 1, 1, 1, 0, 1, 1, 0, 1, 1, 1, 1, 1, 1, 1, 1, 0, 0, 1, 1, 1, 1, 1, 0, 0, 1, 1, 1, 1, 1, 0, 1, 1, 1, 1, 1, 1, 1, 1, 0, 0, 1, 1, 1, 1, 1, 1, 1, 0, 0, 1, 1, 1, 1, 1, 1, 0, 1, 0, 1, 1, 1, 1, 1, 0, 1, 1, 0, 1, 1, 1, 1, 0, 1, 0, 1, 1, 1, 1, 1, 0, 1, 1, 0, 1, 1, 1, 1, 1, 1, 1, 0, 1, 1, 1, 0, 1, 1, 1, 0, 1, 1, 1, 1, 0, 1, 1, 1, 1, 0, 1, 1, 1, 1, 0, 1, 1, 0, 0, 1, 1, 0, 1, 1, 1, 1, 1, 1, 1, 1, 1, 1, 1, 1, 1, 1, 0, 0, 1, 0, 1, 1, 1, 1, 1, 1, 0, 0, 0, 1, 0, 1, 1, 0, 1, 0, 1, 1, 1, 1, 1, 0, 1, 1, 1, 1, 1, 1, 1, 1, 1, 0, 1, 1, 1, 1, 1, 1, 1, 1, 1, 1, 1, 1, 1, 0, 1, 1, 0, 1, 1, 1, 1, 0, 1, 0, 0, 1, 1, 1, 1, 1, 1, 1, 1, 1, 0, 1, 0, 0, 0, 1, 0, 1, 0, 1, 1, 1, 1, 1, 1, 1, 1, 1, 1, 1, 1, 1, 1, 1, 1, 1, 1, 1, 1, 1, 1, 1, 1, 0, 1, 1, 0, 1, 1, 1, 1, 0, 1, 0, 1, 0, 0, 0, 1, 0, 1, 1, 1, 1, 1, 1, 1, 1, 1, 1, 1, 1, 1, 1, 0, 1, 1, 1, 1, 0, 1, 1, 0, 1, 1, 1, 0, 1, 1, 1, 1, 1, 0, 1, 1, 1, 0, 1, 1, 0, 1, 1, 1, 1, 1, 1, 1, 1, 1, 1, 1, 0, 1, 1, 1, 1, 1, 1, 0, 0, 0, 0, 1, 1, 1, 1], 'temp_z': [1, 1, 1, 1, 1, 1, 1, 1, 1, 1, 1, 1, 1, 1, 1, 1, 1, 1, 1, 1, 1, 1, 1, 1, 1, 1, 1, 1, 1, 1, 1, 1, 1, 1, 1, 1], 'temp_host': [1, 0, 0, 0, 0, 0, 0, 0, 0, 0, 0, 1, 0, 0, 0, 0, 1, 0, 1, 0, 0, 0, 0, 0, 0, 1, 0, 0, 0, 0, 0, 0, 0, 0, 0, 1, 0, 0, 1, 0, 0, 1, 0, 1, 0, 0, 0, 0, 0, 0, 0, 0, 1, 0, 1, 0, 0, 0, 0, 0, 0, 0, 1, 0, 0, 0, 0, 0, 0, 1, 0, 1, 0, 0, 1, 0, 1, 0, 0, 0, 0, 0, 1, 0, 1, 0, 0, 0, 1, 0, 0, 1, 0, 1, 0, 0, 1, 0, 1, 0, 0, 0, 0, 1, 0, 1, 0, 0, 0, 1, 0, 0, 0, 0, 1, 0, 0, 1, 0, 0, 0, 0, 1, 0, 0, 1, 0, 1, 0, 0, 1, 0, 0, 0, 0, 1, 0, 0, 0, 0, 0, 1, 0, 0, 0, 0, 0, 0, 0, 1, 0, 0, 1, 0, 0, 0], 'min_meetings': 17}