Period two
Number of students: 26
Number of girls/boys: 8/18

Event: 1
Group 1: G1, G4, B2, B4, Host: G1
Group 2: G5, G7, B14, B15, Host: B14
Group 3: G6, G8, B7, B8, B16, Host: G8
Group 4: G2, G3, B6, B10, B11, Host: G2
Group 5: B1, B9, B12, B18, Host: B18
Group 6: B3, B5, B13, B17, Host: B17
Event: 2
Group 1: G1, G6, B11, B12, Host: B11
Group 2: G4, G7, B1, B3, B10, Host: G7
Group 3: G3, G5, B2, B13, B16, Host: G5
Group 4: G2, G8, B5, B18, Host: B5
Group 5: B4, B7, B9, B15, Host: B7
Group 6: B6, B8, B14, B17, Host: B6
Event: 3
Group 1: G1, G3, B7, B18, Host: B18
Group 2: G5, G8, B1, B8, Host: B8
Group 3: G2, G4, B4, B11, B14, Host: G4
Group 4: G6, G7, B2, B6, B15, Host: B2
Group 5: B3, B5, B9, B16, Host: B9
Group 6: B10, B12, B13, B17, Host: B13
Event: 4
Group 1: G1, G7, B9, B17, Host: B17
Group 2: G3, G8, B4, B10, B15, Host: G3
Group 3: G4, G6, B13, B16, Host: B16
Group 4: G2, G5, B3, B6, B12, Host: B12
Group 5: B1, B5, B7, B14, Host: B5
Group 6: B2, B8, B11, B18, Host: B11
Event: 5
Group 1: G1, G3, B6, B16, Host: B6
Group 2: G4, G7, B3, B5, Host: B3
Group 3: G5, G8, B2, B7, Host: B2
Group 4: G2, G6, B10, B11, B17, Host: G6
Group 5: B4, B8, B9, B13, B14, Host: B13
Group 6: B1, B12, B15, B18, Host: B15
Event: 6
Group 1: G1, G2, B7, B13, Host: B7
Group 2: G5, G7, B4, B16, B18, Host: G7
Group 3: G4, G8, B6, B10, Host: B10
Group 4: G3, G6, B3, B8, B12, Host: B8
Group 5: B1, B2, B14, B17, Host: B1
Group 6: B5, B9, B11, B15, Host: B5

--------------------------------------------------
The smallest number of meetings a student obtain after the two event periods: 25
The total number of meetings after the two event periods: 650
The gap value for the two event periods: 0%
Total solution time for the second period: 7.25s
--------------------------------------------------
{'temp_x': [0, 2, 0, 3, 3, 1, 2, 1, 5, 2, 0, 4, 1, 5, 0, 4, 3, 4, 4, 5, 5, 3, 2, 1, 4, 1, 0, 1, 3, 0, 2, 3, 2, 1, 3, 5, 5, 0, 5, 0, 2, 4, 3, 5, 1, 2, 1, 4, 4, 4, 2, 0, 0, 1, 2, 1, 3, 3, 2, 0, 4, 0, 5, 4, 4, 3, 4, 1, 1, 3, 2, 0, 5, 0, 5, 2, 5, 5, 0, 2, 2, 3, 0, 3, 1, 1, 5, 5, 4, 4, 0, 2, 3, 5, 1, 1, 3, 4, 3, 2, 0, 4, 2, 5, 0, 0, 2, 1, 2, 3, 3, 1, 0, 2, 3, 2, 4, 4, 4, 4, 5, 0, 5, 5, 2, 3, 1, 0, 1, 5, 0, 2, 3, 3, 1, 2, 0, 1, 1, 4, 1, 2, 3, 4, 5, 0, 4, 5, 1, 3, 0, 5, 2, 4, 4, 5, 0, 3, 3, 0, 1, 2, 1, 2, 4, 0, 5, 0, 5, 3, 2, 2, 4, 3, 3, 4, 5, 1, 1, 2, 5, 4, 0, 3, 2, 1, 2, 0, 1, 3, 1, 2, 1, 4, 3, 5, 4, 5, 4, 1, 0, 0, 2, 5, 4, 2, 5, 3, 0, 2, 0, 2, 1, 3, 3, 1, 1, 3, 4, 2, 4, 3, 0, 1, 4, 5, 2, 5, 5, 2, 3, 4, 5, 0, 0, 3, 1, 2, 3, 2, 0, 1, 4, 5, 3, 1, 4, 3, 4, 5, 0, 1, 5, 3, 2, 4, 1, 2, 0, 5, 0, 3, 0, 1, 2, 3, 1, 2, 5, 2, 1, 4, 1, 0, 2, 4, 4, 3, 3, 5, 4, 4, 5, 0, 3, 5, 0, 0, 3, 2, 1, 3, 1, 2, 4, 4, 3, 1, 5, 2, 0, 3, 5, 2, 5, 3, 0, 4, 5, 1, 4, 1], 'temp_y': [1, 1, 1, 1, 1, 1, 1, 1, 1, 1, 1, 1, 1, 1, 1, 1, 1, 1, 1, 1, 1, 1, 1, 1, 1, 1, 1, 1, 1, 1, 1, 1, 1, 1, 1, 1, 1, 1, 1, 1, 1, 1, 1, 1, 1, 1, 1, 1, 1, 1, 1, 1, 1, 1, 1, 1, 1, 1, 1, 1, 1, 1, 1, 1, 1, 1, 1, 1, 1, 1, 1, 1, 1, 1, 1, 1, 1, 1, 1, 1, 1, 1, 1, 1, 1, 1, 1, 1, 1, 1, 1, 1, 1, 1, 1, 1, 1, 1, 1, 1, 1, 1, 1, 1, 1, 1, 1, 1, 1, 1, 1, 1, 1, 1, 1, 1, 1, 1, 1, 1, 1, 1, 1, 1, 1, 1, 1, 1, 1, 1, 1, 1, 1, 1, 1, 1, 1, 1, 1, 1, 1, 1, 1, 1, 1, 1, 1, 1, 1, 1, 1, 1, 1, 1, 1, 1, 1, 1, 1, 1, 1, 1, 1, 1, 1, 1, 1, 1, 1, 1, 1, 1, 1, 1, 1, 1, 1, 1, 1, 1, 1, 1, 1, 1, 1, 1, 1, 1, 1, 1, 1, 1, 1, 1, 1, 1, 1, 1, 1, 1, 1, 1, 1, 1, 1, 1, 1, 1, 1, 1, 1, 1, 1, 1, 1, 1, 1, 1, 1, 1, 1, 1, 1, 1, 1, 1, 1, 1, 1, 1, 1, 1, 1, 1, 1, 1, 1, 1, 1, 1, 1, 1, 1, 1, 1, 1, 1, 1, 1, 1, 1, 1, 1, 1, 1, 1, 1, 1, 1, 1, 1, 1, 1, 1, 1, 1, 1, 1, 1, 1, 1, 1, 1, 1, 1, 1, 1, 1, 1, 1, 1, 1, 1, 1, 1, 1, 1, 1, 1, 1, 1, 1, 1, 1, 1, 1, 1, 1, 1, 1, 1, 1, 1, 1, 1, 1, 1, 1, 1, 1, 1, 1, 1, 1, 1, 1, 1, 1, 1, 1, 1, 1, 1, 1, 1, 1, 1, 1, 1, 1, 1, 1, 1, 1, 1, 1, 1, 1, 1, 1, 1, 1, 1, 1, 1, 1, 1, 1, 1, 1, 1, 1, 1, 1, 1, 1, 1, 1, 1, 1, 1, 1, 1, 1, 1, 1, 1, 1, 1, 1, 1, 1, 1, 1, 1, 1, 1, 1, 1, 1, 1, 1, 1, 1, 1, 1, 1, 1, 1, 1, 1, 1, 1, 1, 1, 1, 1, 1, 1, 1, 1, 1, 1, 1, 1, 1, 1, 1, 1, 1, 1, 1, 1, 1, 1, 1, 1, 1, 1, 1, 1, 1, 1, 1, 1, 1, 1, 1, 1, 1, 1, 1, 1, 1, 1, 1, 1, 1, 1, 1, 1, 1, 1, 1, 1, 1, 1, 1, 1, 1, 1, 1, 1, 1, 1, 1, 1, 1, 1, 1, 1, 1, 1, 1, 1, 1, 1, 1, 1, 1, 1, 1, 1, 1, 1, 1, 1, 1, 1, 1, 1, 1, 1, 1, 1, 1, 1, 1, 1, 1, 1, 1, 1, 1, 1, 1, 1, 1, 1, 1, 1, 1, 1, 1, 1, 1, 1, 1, 1, 1, 1, 1, 1, 1, 1, 1, 1, 1, 1, 1, 1, 1, 1, 1, 1, 1, 1, 1, 1, 1, 1, 1, 1, 1, 1, 1, 1, 1, 1, 1, 1, 1, 1, 1, 1, 1, 1, 1, 1, 1, 1, 1, 1, 1, 1, 1, 1, 1, 1, 1, 1, 1, 1, 1, 1, 1, 1, 1, 1, 1, 1, 1, 1, 1, 1, 1, 1, 1, 1, 1, 1, 1, 1, 1, 1, 1, 1, 1, 1, 1, 1, 1, 1, 1, 1, 1, 1, 1, 1, 1, 1, 1, 1, 1, 1, 1, 1, 1, 1, 1, 1, 1, 1, 1, 1, 1, 1, 1, 1, 1, 1, 1, 1, 1, 1, 1, 1, 1, 1, 1, 1, 1, 1, 1, 1, 1, 1, 1, 1, 1, 1, 1, 1, 1, 1, 1, 1, 1, 1, 1], 'temp_z': [1, 1, 1, 1, 1, 1, 1, 1, 1, 1, 1, 1, 1, 1, 1, 1, 1, 1, 1, 1, 1, 1, 1, 1, 1, 1, 1, 1, 1, 1, 1, 1, 1, 1, 1, 1, 1, 1, 1, 1, 1, 1, 1, 1, 1, 1, 1, 1, 1, 1, 1, 1, 1, 1, 1, 1, 1, 1, 1, 1, 1, 1, 1, 1, 1, 1, 1, 1, 1, 1, 1, 1], 'temp_host': [0, 0, 0, 1, 0, 0, 1, 0, 0, 0, 0, 0, 1, 0, 1, 0, 0, 0, 1, 0, 0, 0, 0, 0, 0, 1, 0, 0, 0, 0, 0, 0, 0, 1, 0, 0, 0, 0, 0, 0, 1, 0, 0, 0, 1, 0, 0, 0, 1, 0, 1, 0, 0, 0, 0, 1, 0, 0, 0, 0, 1, 0, 0, 0, 1, 0, 0, 0, 0, 0, 1, 0, 0, 0, 0, 0, 0, 1, 0, 1, 0, 0, 0, 1, 0, 1, 0, 1, 0, 0, 1, 0, 0, 0, 0, 0, 0, 0, 1, 0, 1, 0, 0, 0, 0, 0, 0, 1, 0, 0, 0, 1, 0, 0, 0, 0, 1, 0, 1, 0, 1, 0, 0, 1, 0, 0, 0, 0, 0, 0, 1, 0, 0, 1, 0, 0, 1, 0, 0, 0, 0, 0, 0, 0, 0, 1, 0, 0, 0, 1, 0, 1, 0, 1, 0, 1, 1, 0, 0, 0, 0, 0, 0, 1, 0, 0, 1, 0, 0, 1, 0, 0, 1, 0, 0, 1, 0, 0, 0, 1, 0, 1, 0, 0, 0, 0, 0, 0, 1, 0, 0, 1, 0, 0, 0, 0, 1, 0, 0, 0, 1, 0, 0, 0, 0, 0, 0, 0, 0, 1, 0, 0, 0, 0, 0, 1, 0, 0, 0, 0, 0, 1, 0, 1, 0, 1, 0, 0, 0, 0, 1, 0, 0, 0, 0, 0, 0, 1, 0, 0, 0, 0, 0, 1, 0, 0, 0, 0, 1, 0, 1, 0, 0, 0, 0, 1, 0, 0, 1, 0, 0, 0, 0, 0, 0, 0, 0, 0, 0, 1, 0, 0, 0, 0, 1, 0, 0, 0, 1, 0, 0, 1, 0, 0, 0, 1, 0, 0, 1, 0, 0, 0, 0, 0, 1, 0, 0, 1, 0, 0, 0, 0, 1, 0, 0, 0, 1, 0, 1, 0, 0, 0], 'min_meetings': 25}