Period one
Number of students: 26
Number of girls/boys: 9/17

Event: 1
Group 1: G1, G2, G6, B5, B9, Host: B9
Group 2: G3, G9, B4, B16, Host: B16
Group 3: G4, G8, B6, B12, Host: G8
Group 4: G5, G7, B8, B11, B13, Host: G7
Group 5: B2, B14, B15, B17, Host: B2
Group 6: B1, B3, B7, B10, Host: B3
Event: 2
Group 1: G1, G8, B8, B15, Host: G1
Group 2: G2, G5, B3, B12, B17, Host: G5
Group 3: G6, G9, B2, B7, Host: G6
Group 4: G3, G4, G7, B9, B14, Host: G4
Group 5: B5, B10, B11, B16, Host: B5
Group 6: B1, B4, B6, B13, Host: B13
Event: 3
Group 1: G1, G5, G9, B5, B14, Host: G9
Group 2: G3, G8, B3, B11, B13, Host: B11
Group 3: G2, G7, B10, B15, Host: G2
Group 4: G4, G6, B1, B8, Host: B8
Group 5: B6, B7, B16, B17, Host: B6
Group 6: B2, B4, B9, B12, Host: B2
Event: 4
Group 1: G1, G4, B4, B11, B17, Host: B4
Group 2: G6, G7, G9, B3, B6, Host: G7
Group 3: G3, G5, B1, B9, Host: B9
Group 4: G2, G8, B2, B16, Host: B16
Group 5: B10, B12, B13, B14, Host: B10
Group 6: B5, B7, B8, B15, Host: B7
Event: 5
Group 1: G1, G5, B2, B10, Host: G1
Group 2: G3, G6, B12, B17, Host: G3
Group 3: G7, G8, B1, B4, B5, Host: B5
Group 4: G2, G4, G9, B7, B13, Host: B13
Group 5: B3, B8, B14, B16, Host: B14
Group 6: B6, B9, B11, B15, Host: B15
Event: 6
Group 1: G1, G7, B12, B16, Host: B12
Group 2: G2, G3, B6, B8, Host: G2
Group 3: G4, G5, G6, B4, B15, Host: G6
Group 4: G8, G9, B9, B10, B17, Host: B17
Group 5: B1, B7, B11, B14, Host: B1
Group 6: B2, B3, B5, B13, Host: B3

--------------------------------------------------
The smallest number of meetings a student obtain in the event period: 17
The total number of meetings in the event period: 502
The gap value for the event period: 29.48%
Total solution time for the event period: 3601.62s
--------------------------------------------------
{'temp_x': [0, 0, 1, 2, 3, 0, 3, 2, 1, 5, 4, 5, 1, 0, 2, 5, 3, 0, 5, 3, 2, 3, 4, 4, 1, 4, 0, 1, 3, 3, 1, 2, 3, 0, 2, 5, 2, 1, 5, 4, 5, 2, 0, 3, 4, 4, 1, 5, 3, 0, 4, 1, 0, 2, 1, 3, 0, 3, 2, 1, 0, 3, 5, 1, 5, 0, 4, 4, 3, 5, 2, 1, 5, 1, 0, 2, 4, 4, 0, 3, 2, 0, 2, 1, 1, 3, 1, 2, 3, 1, 0, 5, 1, 5, 5, 2, 4, 0, 4, 4, 4, 5, 3, 0, 0, 3, 1, 3, 0, 1, 2, 2, 3, 2, 0, 4, 2, 2, 5, 3, 4, 5, 0, 5, 1, 3, 4, 5, 4, 1, 0, 1, 1, 2, 2, 2, 0, 3, 3, 4, 5, 5, 2, 5, 1, 4, 1, 3, 3, 4, 0, 5, 4, 2, 0, 3], 'temp_y': [1, 0, 1, 1, 1, 1, 1, 1, 0, 1, 0, 1, 1, 0, 0, 1, 1, 1, 1, 1, 0, 1, 1, 1, 1, 1, 1, 1, 1, 1, 1, 1, 1, 0, 1, 1, 0, 1, 1, 1, 1, 1, 1, 0, 1, 1, 0, 1, 1, 1, 0, 1, 1, 1, 1, 1, 1, 1, 1, 0, 1, 1, 0, 1, 0, 1, 1, 0, 1, 1, 1, 1, 0, 1, 1, 1, 1, 1, 1, 1, 1, 1, 1, 1, 0, 0, 1, 0, 1, 1, 1, 1, 0, 1, 1, 1, 1, 1, 0, 1, 1, 1, 1, 1, 1, 1, 0, 1, 1, 1, 1, 1, 1, 0, 0, 1, 1, 1, 1, 1, 1, 1, 1, 0, 1, 1, 1, 1, 1, 1, 1, 0, 1, 1, 1, 1, 1, 1, 1, 1, 1, 1, 0, 0, 1, 0, 0, 1, 0, 1, 1, 1, 1, 1, 1, 1, 1, 1, 1, 0, 1, 1, 1, 1, 0, 1, 1, 1, 1, 1, 1, 1, 1, 1, 0, 1, 1, 1, 1, 0, 0, 1, 1, 1, 1, 1, 1, 1, 1, 0, 1, 1, 1, 1, 1, 1, 0, 1, 1, 1, 1, 1, 1, 1, 1, 1, 1, 1, 0, 1, 1, 1, 1, 1, 1, 0, 1, 1, 0, 0, 1, 1, 0, 1, 1, 0, 0, 1, 1, 1, 1, 1, 1, 0, 0, 1, 1, 1, 1, 1, 1, 1, 1, 1, 0, 1, 1, 0, 0, 0, 1, 1, 0, 0, 1, 1, 0, 1, 1, 0, 1, 1, 1, 0, 1, 0, 1, 1, 0, 1, 1, 1, 1, 1, 1, 0, 1, 1, 0, 1, 1, 1, 1, 1, 1, 1, 0, 1, 1, 1, 1, 0, 1, 1, 1, 1, 1, 0, 1, 1, 1, 0, 1, 1, 1, 1, 1, 1, 1, 1, 1, 0, 1, 1, 0, 0, 1, 0, 1, 1, 1, 0, 1, 1, 1, 1, 1, 0, 0, 1, 1, 1, 1, 1, 1, 1, 1, 1, 0, 1, 1, 1, 1, 1, 0, 1, 1, 1, 1, 0, 0, 1, 1, 1, 0, 1, 1, 1, 1, 1, 0, 1, 1, 0, 1, 1, 1, 0, 1, 1, 1, 0, 1, 1, 1, 0, 1, 0, 1, 0, 1, 0, 0, 1, 1, 1, 1, 0, 1, 1, 1, 0, 1, 1, 0, 1, 1, 1, 1, 1, 1, 1, 1, 1, 1, 1, 1, 1, 0, 1, 0, 1, 0, 1, 1, 1, 0, 0, 1, 0, 1, 1, 1, 1, 0, 1, 1, 1, 1, 1, 1, 1, 1, 1, 1, 1, 0, 1, 1, 1, 0, 0, 1, 1, 1, 0, 1, 1, 0, 1, 1, 1, 0, 0, 1, 0, 1, 1, 1, 1, 1, 1, 0, 1, 0, 1, 0, 1, 1, 1, 1, 1, 1, 1, 1, 1, 0, 1, 1, 1, 0, 1, 1, 0, 1, 0, 1, 1, 1, 1, 1, 1, 1, 1, 0, 1, 1, 1, 1, 1, 1, 1, 1, 1, 1, 1, 1, 1, 0, 0, 1, 1, 1, 0, 1, 0, 0, 1, 1, 0, 1, 1, 0, 1, 1, 0, 1, 1, 1, 1, 0, 1, 1, 1, 1, 1, 1, 1, 1, 1, 1, 1, 0, 1, 1, 1, 1, 0, 0, 0, 1, 0, 1, 1, 1, 0, 1, 0, 1, 1, 1, 1, 0, 1, 0, 1, 1, 1, 1, 1, 1, 1, 1, 1, 1, 1, 1, 0, 1, 1, 1, 1, 1, 0, 0, 1, 0, 1, 1, 1, 1, 1, 1, 1, 1, 0, 0, 1, 0, 1, 1, 1, 1, 0, 0, 0, 1, 1, 1, 0, 1, 1, 1, 1, 1, 1, 1, 0, 1, 1, 1, 0, 1, 0, 1, 1, 1, 1, 1, 1, 1, 0, 1, 1, 0, 1, 1, 1, 0, 1, 1, 0, 1, 1, 1, 1, 0, 1, 1, 1], 'temp_z': [1, 1, 1, 1, 1, 1, 1, 1, 1, 1, 1, 1, 1, 1, 1, 1, 1, 1, 1, 1, 1, 1, 1, 1, 1, 1, 1, 1, 1, 1, 1, 1, 1, 1, 1, 1], 'temp_host': [0, 1, 0, 0, 1, 0, 0, 0, 1, 0, 0, 1, 0, 0, 0, 0, 1, 0, 0, 1, 0, 0, 0, 0, 0, 1, 0, 0, 0, 0, 0, 1, 0, 0, 0, 1, 1, 0, 0, 1, 0, 0, 1, 0, 0, 0, 0, 0, 0, 0, 1, 0, 0, 0, 0, 0, 0, 0, 0, 1, 1, 0, 1, 0, 0, 0, 1, 0, 0, 0, 0, 1, 0, 0, 0, 1, 0, 0, 0, 1, 0, 0, 1, 0, 0, 0, 1, 0, 0, 0, 0, 0, 0, 1, 0, 0, 0, 0, 1, 0, 0, 0, 1, 0, 0, 1, 0, 0, 0, 0, 0, 1, 0, 0, 0, 0, 1, 0, 0, 0, 0, 0, 0, 0, 0, 1, 0, 1, 0, 0, 1, 0, 0, 0, 0, 0, 1, 0, 0, 0, 0, 0, 1, 0, 1, 0, 0, 1, 0, 0, 0, 0, 0, 0, 0, 1], 'min_meetings': 17}