Period one
Number of students: 27
Number of girls/boys: 12/15

Event: 1
Group 1: G1, G10, B7, B9, B15, Host: B9
Group 2: G2, G4, B11, B12, B14, Host: B11
Group 3: G5, G9, B5, B6, Host: B6
Group 4: G3, G12, B1, B10, B13, Host: B10
Group 5: G7, G11, B2, B4, Host: B4
Group 6: G6, G8, B3, B8, Host: G6
Event: 2
Group 1: G1, G4, B1, B3, B6, Host: B1
Group 2: G8, G9, B4, B12, B15, Host: B15
Group 3: G11, G12, B9, B14, Host: B14
Group 4: G3, G10, B2, B11, Host: B2
Group 5: G2, G6, B5, B7, B13, Host: G2
Group 6: G5, G7, B8, B10, Host: B8
Event: 3
Group 1: G1, G2, B2, B10, Host: B10
Group 2: G3, G6, B4, B6, B9, Host: B9
Group 3: G7, G10, B12, B13, Host: B13
Group 4: G4, G5, B5, B14, B15, Host: B5
Group 5: G8, G11, B1, B7, B8, Host: G11
Group 6: G9, G12, B3, B11, Host: B11
Event: 4
Group 1: G1, G10, B4, B8, B11, Host: G1
Group 2: G4, G11, B6, B13, Host: B6
Group 3: G2, G3, B3, B15, Host: B3
Group 4: G5, G6, B2, B7, B12, Host: G5
Group 5: G7, G9, B1, B14, Host: G7
Group 6: G8, G12, B5, B9, B10, Host: G12
Event: 5
Group 1: G1, G8, B2, B13, B14, Host: G8
Group 2: G6, G11, B11, B15, Host: B11
Group 3: G2, G12, B6, B8, B12, Host: B8
Group 4: G5, G7, B3, B9, Host: B9
Group 5: G3, G10, B1, B5, Host: G3
Group 6: G4, G9, B4, B7, B10, Host: B4
Event: 6
Group 1: G1, G11, B3, B5, B12, Host: B12
Group 2: G6, G10, B10, B14, Host: G10
Group 3: G7, G8, B6, B7, B11, Host: B7
Group 4: G3, G9, B8, B9, B13, Host: G9
Group 5: G2, G5, B1, B4, Host: G2
Group 6: G4, G12, B2, B15, Host: G4

--------------------------------------------------
The smallest number of meetings a student obtain in the event period: 17
The total number of meetings in the event period: 536
The gap value for the event period: 30.97%
Total solution time for the event period: 3601.64s
--------------------------------------------------
{'temp_x': [0, 1, 3, 1, 2, 5, 4, 5, 2, 0, 4, 3, 3, 4, 5, 4, 2, 2, 0, 5, 0, 3, 1, 1, 3, 1, 0, 0, 4, 3, 0, 5, 4, 5, 1, 1, 3, 2, 2, 0, 3, 0, 1, 4, 0, 4, 5, 2, 5, 3, 1, 4, 2, 1, 0, 0, 1, 3, 3, 1, 2, 4, 5, 2, 4, 5, 4, 0, 5, 1, 3, 1, 4, 4, 1, 0, 5, 2, 2, 3, 3, 0, 2, 2, 1, 3, 3, 4, 5, 4, 0, 1, 5, 4, 3, 2, 0, 5, 1, 3, 0, 5, 5, 0, 3, 1, 4, 2, 0, 2, 4, 5, 3, 1, 3, 0, 5, 4, 1, 2, 4, 0, 3, 5, 4, 2, 5, 2, 3, 5, 1, 2, 0, 0, 1, 0, 4, 3, 5, 4, 1, 2, 2, 3, 1, 0, 5, 4, 5, 0, 4, 0, 2, 2, 3, 3, 1, 2, 0, 3, 1, 5], 'temp_y': [1, 0, 1, 0, 0, 0, 1, 0, 1, 1, 0, 1, 1, 1, 1, 1, 1, 1, 1, 1, 1, 1, 1, 1, 1, 1, 1, 1, 1, 1, 1, 0, 0, 0, 0, 0, 1, 1, 1, 1, 1, 1, 1, 1, 1, 0, 1, 1, 1, 1, 1, 1, 0, 1, 0, 0, 1, 0, 0, 1, 1, 0, 1, 1, 1, 1, 1, 1, 1, 0, 1, 1, 1, 1, 0, 1, 0, 1, 1, 1, 0, 1, 0, 0, 0, 1, 0, 1, 1, 1, 1, 1, 1, 1, 1, 1, 0, 0, 1, 1, 1, 1, 1, 1, 0, 1, 0, 1, 1, 1, 0, 1, 0, 0, 0, 1, 1, 1, 1, 1, 1, 1, 1, 1, 1, 0, 1, 0, 1, 1, 0, 1, 1, 0, 1, 0, 1, 0, 1, 1, 0, 0, 1, 1, 1, 1, 1, 1, 1, 1, 1, 1, 1, 1, 1, 1, 0, 0, 0, 0, 1, 0, 1, 1, 1, 1, 0, 1, 1, 1, 1, 0, 1, 1, 1, 1, 1, 1, 1, 1, 1, 0, 1, 0, 0, 0, 0, 1, 1, 1, 0, 1, 1, 1, 1, 1, 1, 1, 1, 1, 1, 1, 1, 1, 1, 1, 1, 1, 0, 0, 1, 1, 1, 0, 1, 1, 0, 0, 1, 1, 0, 1, 1, 1, 1, 1, 1, 1, 1, 1, 1, 1, 1, 1, 1, 0, 1, 0, 0, 1, 1, 0, 0, 0, 0, 1, 1, 0, 1, 1, 0, 1, 1, 1, 1, 1, 1, 1, 1, 1, 1, 0, 0, 1, 0, 1, 1, 1, 0, 0, 1, 1, 1, 1, 1, 1, 1, 1, 1, 1, 0, 1, 1, 1, 1, 1, 0, 1, 1, 1, 0, 0, 0, 1, 1, 0, 1, 1, 1, 1, 0, 1, 1, 0, 1, 1, 1, 1, 1, 1, 1, 1, 1, 1, 1, 1, 1, 0, 1, 1, 1, 1, 1, 1, 0, 1, 1, 1, 1, 1, 1, 0, 1, 0, 0, 1, 1, 0, 1, 1, 1, 1, 1, 1, 1, 1, 0, 1, 1, 1, 0, 0, 1, 0, 0, 1, 0, 0, 1, 1, 1, 1, 1, 1, 1, 1, 1, 1, 1, 1, 1, 1, 1, 0, 1, 1, 1, 0, 0, 1, 1, 0, 1, 1, 0, 1, 1, 0, 0, 1, 1, 1, 1, 1, 1, 1, 1, 1, 1, 1, 1, 0, 1, 1, 0, 0, 1, 1, 1, 1, 1, 1, 1, 0, 0, 1, 1, 1, 1, 1, 1, 1, 0, 1, 1, 1, 1, 1, 1, 0, 1, 0, 1, 1, 0, 1, 1, 0, 1, 1, 1, 1, 1, 1, 1, 1, 1, 1, 1, 1, 1, 0, 1, 1, 1, 0, 1, 1, 1, 1, 1, 1, 0, 1, 1, 1, 0, 0, 1, 1, 0, 1, 1, 1, 1, 1, 1, 1, 1, 0, 1, 1, 0, 1, 1, 1, 1, 1, 1, 1, 1, 1, 0, 1, 1, 1, 1, 0, 1, 1, 1, 1, 1, 1, 1, 1, 1, 0, 1, 1, 0, 1, 1, 1, 1, 1, 1, 1, 0, 0, 1, 0, 1, 0, 1, 1, 1, 1, 1, 1, 1, 1, 0, 0, 1, 1, 1, 1, 1, 1, 1, 0, 0, 1, 1, 1, 1, 1, 1, 1, 1, 1, 1, 1, 1, 1, 0, 1, 1, 1, 0, 1, 1, 0, 1, 1, 1, 0, 0, 1, 1, 0, 1, 1, 1, 1, 0, 1, 1, 1, 1, 1, 1, 1, 0, 1, 1, 1, 0, 1, 1, 1, 0, 0, 1, 0, 1, 1, 1, 1, 0, 1, 1, 1, 1, 1, 1, 1, 1, 1, 0, 1, 1, 1, 1, 1, 1, 1, 0, 0, 1, 1, 1, 1, 1, 1, 1, 1, 0, 1, 1, 1, 1, 1, 1, 1, 1, 1, 0, 0, 1, 1, 1, 1, 1, 1, 0, 1, 1, 0, 1, 1, 0, 1, 1, 1, 1, 1, 1, 1, 1, 1, 1, 1, 0, 0, 1, 0, 0, 0, 1, 1, 1, 1, 1, 1, 1, 1, 1, 1, 1, 1, 0, 1, 1, 1, 1, 1, 0, 1, 1, 1, 1, 0, 1, 0, 1, 0, 1, 1, 0, 1], 'temp_z': [1, 1, 1, 1, 1, 1, 1, 1, 1, 1, 1, 1, 1, 1, 1, 1, 1, 1, 1, 1, 1, 1, 1, 1, 1, 1, 1, 1, 1, 1, 1, 1, 1, 1, 1, 1], 'temp_host': [0, 0, 0, 1, 0, 0, 0, 1, 0, 0, 0, 1, 0, 0, 0, 0, 1, 0, 0, 0, 0, 0, 0, 1, 0, 0, 0, 1, 0, 0, 1, 0, 0, 0, 0, 0, 0, 0, 0, 1, 0, 0, 0, 0, 0, 0, 1, 0, 0, 0, 0, 0, 0, 1, 0, 0, 0, 0, 0, 1, 0, 0, 1, 0, 0, 0, 0, 0, 0, 1, 0, 0, 0, 1, 0, 0, 0, 0, 0, 1, 0, 0, 0, 0, 0, 0, 0, 1, 0, 0, 1, 0, 0, 0, 1, 0, 0, 0, 1, 0, 0, 0, 1, 0, 0, 1, 0, 0, 0, 0, 0, 0, 0, 1, 0, 1, 0, 0, 1, 0, 1, 0, 1, 0, 1, 0, 1, 0, 1, 0, 0, 0, 1, 0, 1, 0, 1, 0, 0, 0, 0, 0, 0, 1, 0, 0, 1, 0, 0, 0, 0, 1, 0, 0, 0, 0, 0, 1, 0, 0, 0, 0], 'min_meetings': 17}