Period one
Number of students: 27
Number of girls/boys: 13/14

Event: 1
Group 1: G1, G5, G11, B2, B6, Host: G5
Group 2: G7, G9, B3, B14, Host: G9
Group 3: G3, G10, B10, B13, Host: G3
Group 4: G4, G8, B5, B7, B8, Host: B8
Group 5: G2, G12, B4, B11, Host: B4
Group 6: G6, G13, B1, B9, B12, Host: G6
Event: 2
Group 1: G1, G12, B8, B10, Host: G12
Group 2: G3, G9, B1, B2, B11, Host: B11
Group 3: G2, G8, B3, B6, B12, Host: B3
Group 4: G6, G7, G11, B5, B13, Host: B13
Group 5: G4, G10, B4, B9, Host: B9
Group 6: G5, G13, B7, B14, Host: B7
Event: 3
Group 1: G1, G2, B7, B11, B13, Host: G1
Group 2: G4, G13, B5, B6, Host: B6
Group 3: G6, G10, B2, B14, Host: B14
Group 4: G3, G11, G12, B3, B9, Host: G11
Group 5: G7, G8, B1, B10, Host: B10
Group 6: G5, G9, B4, B8, B12, Host: B8
Event: 4
Group 1: G1, G3, B4, B5, B14, Host: B4
Group 2: G6, G8, B9, B11, Host: B9
Group 3: G4, G7, G12, B2, B12, Host: B2
Group 4: G2, G5, B3, B10, Host: G2
Group 5: G11, G13, B1, B8, B13, Host: B1
Group 6: G9, G10, B6, B7, Host: G10
Event: 5
Group 1: G1, G9, B12, B13, Host: G9
Group 2: G2, G3, G6, B6, B8, Host: B6
Group 3: G4, G11, B10, B11, B14, Host: B14
Group 4: G8, G13, B2, B3, B4, Host: G13
Group 5: G5, G7, B7, B9, Host: G7
Group 6: G10, G12, B1, B5, Host: G12
Event: 6
Group 1: G1, G4, B1, B3, Host: G4
Group 2: G7, G10, G13, B8, B11, Host: G10
Group 3: G3, G11, B7, B12, Host: B12
Group 4: G5, G6, B4, B10, Host: G5
Group 5: G8, G12, B6, B13, B14, Host: G8
Group 6: G2, G9, B2, B5, B9, Host: B5

--------------------------------------------------
The smallest number of meetings a student obtain in the event period: 17
The total number of meetings in the event period: 542
The gap value for the event period: 29.52%
Total solution time for the event period: 3601.72s
--------------------------------------------------
{'temp_x': [0, 4, 2, 3, 0, 5, 1, 3, 1, 2, 0, 4, 5, 5, 0, 1, 4, 3, 0, 3, 3, 5, 2, 4, 5, 2, 1, 0, 2, 1, 4, 5, 3, 3, 2, 1, 4, 3, 0, 5, 1, 1, 2, 4, 3, 2, 5, 0, 4, 0, 1, 2, 3, 5, 0, 0, 3, 1, 5, 2, 4, 4, 5, 2, 3, 3, 1, 4, 2, 3, 5, 1, 1, 0, 5, 3, 4, 0, 5, 0, 2, 0, 3, 0, 2, 3, 1, 2, 1, 5, 5, 4, 2, 4, 4, 2, 3, 0, 0, 5, 5, 4, 1, 3, 1, 2, 4, 0, 0, 1, 1, 2, 4, 1, 4, 3, 0, 5, 2, 5, 3, 5, 3, 3, 3, 5, 1, 4, 1, 4, 2, 2, 0, 0, 2, 0, 5, 2, 0, 3, 3, 1, 4, 5, 1, 2, 4, 1, 0, 5, 0, 3, 5, 4, 2, 1, 5, 3, 1, 2, 4, 4], 'temp_y': [1, 1, 1, 1, 0, 0, 0, 1, 0, 1, 1, 0, 1, 1, 1, 1, 1, 1, 1, 1, 0, 1, 1, 1, 1, 1, 1, 1, 0, 1, 1, 0, 1, 1, 0, 0, 1, 0, 0, 1, 1, 1, 1, 1, 1, 1, 1, 1, 1, 1, 1, 0, 1, 1, 0, 0, 1, 0, 0, 1, 1, 1, 1, 0, 1, 1, 1, 1, 1, 1, 1, 1, 1, 1, 1, 1, 1, 1, 1, 0, 0, 0, 0, 1, 1, 0, 1, 1, 1, 1, 1, 1, 1, 1, 1, 1, 1, 1, 1, 1, 1, 1, 0, 1, 1, 1, 0, 0, 1, 1, 0, 1, 0, 1, 0, 1, 0, 1, 1, 1, 0, 1, 1, 1, 1, 1, 0, 1, 0, 1, 0, 1, 1, 0, 1, 1, 1, 0, 1, 1, 0, 1, 1, 1, 0, 1, 1, 1, 0, 1, 1, 1, 1, 1, 1, 1, 0, 0, 0, 1, 1, 1, 1, 1, 1, 1, 1, 1, 1, 1, 1, 0, 1, 0, 1, 1, 1, 1, 1, 1, 1, 1, 0, 1, 0, 1, 0, 1, 1, 0, 0, 0, 1, 1, 1, 1, 1, 1, 1, 1, 1, 1, 1, 1, 1, 1, 1, 1, 1, 1, 1, 0, 1, 0, 1, 0, 1, 0, 0, 0, 1, 1, 1, 1, 1, 1, 1, 1, 1, 0, 1, 1, 1, 1, 0, 0, 1, 1, 0, 1, 1, 0, 1, 0, 1, 1, 1, 1, 0, 1, 1, 1, 1, 1, 1, 1, 1, 0, 1, 1, 1, 0, 1, 1, 1, 1, 1, 0, 0, 0, 1, 1, 1, 1, 1, 0, 1, 1, 1, 1, 1, 1, 1, 1, 1, 1, 1, 1, 1, 1, 0, 0, 1, 1, 0, 1, 1, 0, 1, 1, 1, 1, 1, 1, 0, 1, 1, 1, 1, 1, 1, 1, 0, 0, 0, 1, 1, 1, 1, 1, 0, 1, 1, 0, 1, 1, 1, 1, 1, 1, 1, 1, 1, 0, 1, 1, 1, 1, 1, 0, 1, 1, 0, 1, 1, 1, 1, 1, 1, 1, 1, 1, 1, 0, 1, 0, 0, 1, 1, 1, 1, 1, 1, 0, 1, 1, 1, 1, 1, 1, 1, 1, 1, 1, 1, 1, 1, 1, 1, 1, 1, 1, 0, 0, 1, 0, 1, 1, 0, 1, 1, 1, 1, 1, 1, 0, 1, 1, 1, 0, 1, 1, 1, 1, 1, 1, 0, 1, 0, 0, 1, 1, 0, 1, 0, 1, 1, 1, 1, 1, 1, 1, 0, 1, 1, 1, 0, 1, 1, 0, 1, 1, 1, 0, 0, 1, 1, 1, 1, 1, 0, 1, 1, 1, 1, 1, 0, 1, 1, 1, 1, 1, 1, 1, 1, 1, 1, 0, 1, 1, 1, 1, 1, 0, 0, 0, 1, 1, 1, 1, 1, 1, 1, 1, 0, 1, 1, 1, 1, 1, 1, 0, 1, 1, 0, 1, 1, 1, 0, 0, 0, 1, 1, 1, 1, 1, 1, 1, 1, 0, 1, 1, 1, 1, 1, 0, 1, 0, 0, 0, 0, 1, 1, 1, 1, 0, 1, 1, 1, 1, 1, 1, 1, 1, 1, 1, 1, 1, 1, 1, 1, 1, 1, 1, 0, 0, 1, 1, 1, 1, 0, 1, 1, 1, 1, 0, 0, 1, 1, 1, 1, 1, 1, 1, 1, 1, 1, 1, 1, 1, 1, 1, 1, 1, 0, 1, 0, 0, 1, 1, 0, 0, 1, 1, 1, 1, 1, 1, 1, 1, 0, 1, 1, 1, 0, 1, 0, 1, 1, 0, 0, 0, 1, 0, 1, 0, 1, 1, 1, 1, 1, 1, 0, 1, 1, 1, 1, 1, 1, 1, 1, 1, 1, 0, 1, 0, 0, 1, 1, 1, 1, 0, 1, 1, 1, 1, 1, 1, 1, 1, 1, 1, 1, 0, 1, 1, 1, 1, 1, 1, 1, 0, 1, 1, 1, 1, 0, 0, 1, 0, 1, 1, 1, 0, 0, 1, 1, 1, 1, 1, 1, 1, 1, 1, 0, 0, 0, 1, 1, 1, 1, 0, 1, 1, 1, 1, 1, 0, 1, 1, 1, 1, 1, 1, 1, 1, 1, 1, 1, 0, 1, 1, 1, 1, 1, 1, 0, 0, 1, 1, 0, 1], 'temp_z': [1, 1, 1, 1, 1, 1, 1, 1, 1, 1, 1, 1, 1, 1, 1, 1, 1, 1, 1, 1, 1, 1, 1, 1, 1, 1, 1, 1, 1, 1, 1, 1, 1, 1, 1, 1], 'temp_host': [0, 0, 1, 0, 0, 0, 0, 0, 0, 1, 0, 0, 1, 0, 0, 0, 0, 0, 0, 0, 0, 0, 0, 1, 1, 0, 0, 0, 0, 1, 1, 0, 0, 0, 0, 0, 0, 0, 0, 0, 1, 0, 0, 0, 0, 0, 0, 1, 1, 0, 0, 0, 1, 0, 0, 0, 0, 1, 0, 1, 0, 0, 1, 0, 0, 0, 0, 1, 0, 0, 1, 0, 0, 0, 0, 0, 1, 0, 0, 0, 0, 1, 0, 0, 0, 0, 0, 1, 0, 0, 0, 1, 0, 0, 0, 0, 1, 0, 0, 1, 0, 0, 0, 0, 0, 0, 0, 1, 0, 0, 1, 0, 1, 0, 0, 1, 0, 0, 0, 0, 1, 0, 1, 0, 0, 0, 0, 1, 0, 1, 0, 0, 0, 0, 1, 0, 0, 0, 0, 1, 0, 0, 0, 0, 0, 0, 0, 0, 0, 1, 0, 1, 0, 0, 0, 0, 0, 0, 1, 0, 1, 0], 'min_meetings': 17}