Period one
Number of students: 27
Number of girls/boys: 11/16

Event: 1
Group 1: G1, G10, B7, B8, Host: B8
Group 2: G3, G4, B2, B6, B10, Host: B6
Group 3: G5, G6, G7, B1, B14, Host: G5
Group 4: G9, G11, B15, B16, Host: B15
Group 5: G2, G8, B3, B5, Host: G2
Group 6: B4, B9, B11, B12, B13, Host: B13
Event: 2
Group 1: G1, G8, B1, B4, Host: G1
Group 2: G4, G5, G10, B12, B16, Host: G10
Group 3: G2, G6, B6, B11, Host: B11
Group 4: G7, G11, B2, B8, Host: G7
Group 5: G3, G9, B5, B7, B13, Host: G3
Group 6: B3, B9, B10, B14, B15, Host: B14
Event: 3
Group 1: G1, G4, B3, B13, Host: B13
Group 2: G7, G10, B5, B15, Host: B5
Group 3: G6, G8, B8, B10, B12, Host: B10
Group 4: G5, G9, B4, B6, Host: B4
Group 5: G2, G3, G11, B1, B9, Host: B1
Group 6: B2, B7, B11, B14, B16, Host: B16
Event: 4
Group 1: G1, G7, B9, B16, Host: G7
Group 2: G6, G11, B2, B4, B5, Host: G6
Group 3: G4, G9, B8, B14, Host: G4
Group 4: G3, G5, G8, B11, B15, Host: G8
Group 5: G2, G10, B10, B13, Host: G10
Group 6: B1, B3, B6, B7, B12, Host: B7
Event: 5
Group 1: G1, G5, G11, B7, B10, Host: G5
Group 2: G4, G6, B1, B13, B15, Host: B15
Group 3: G7, G9, B3, B11, Host: G9
Group 4: G2, G3, B4, B12, B14, Host: G2
Group 5: G8, G10, B2, B9, Host: B2
Group 6: B5, B6, B8, B16, Host: B8
Event: 6
Group 1: G1, G9, B2, B12, B15, Host: B12
Group 2: G4, G7, B4, B7, Host: G7
Group 3: G2, G5, B8, B9, Host: B9
Group 4: G3, G6, G10, B3, B16, Host: B3
Group 5: G8, G11, B6, B13, B14, Host: G11
Group 6: B1, B5, B10, B11, Host: B1

--------------------------------------------------
The smallest number of meetings a student obtain in the event period: 18
The total number of meetings in the event period: 558
The gap value for the event period: 25.81%
Total solution time for the event period: 3602.02s
--------------------------------------------------
{'temp_x': [0, 4, 1, 1, 2, 2, 2, 4, 3, 0, 3, 2, 1, 4, 5, 4, 1, 0, 0, 5, 1, 5, 5, 5, 2, 3, 3, 0, 2, 4, 1, 1, 2, 3, 0, 4, 1, 3, 0, 3, 5, 0, 4, 2, 4, 3, 5, 5, 2, 1, 4, 5, 5, 1, 0, 4, 4, 0, 3, 2, 1, 2, 3, 1, 4, 4, 5, 0, 3, 1, 3, 5, 2, 4, 2, 5, 2, 0, 5, 1, 5, 0, 4, 3, 2, 3, 1, 0, 3, 2, 4, 1, 5, 1, 5, 1, 1, 5, 5, 2, 0, 4, 3, 5, 4, 2, 3, 0, 0, 3, 3, 1, 0, 1, 2, 4, 2, 4, 0, 1, 4, 2, 3, 5, 5, 0, 5, 4, 0, 2, 3, 1, 3, 1, 5, 0, 2, 3, 1, 2, 3, 1, 4, 0, 3, 4, 5, 0, 3, 1, 5, 4, 1, 2, 2, 5, 5, 0, 4, 4, 0, 3], 'temp_y': [0, 0, 1, 1, 0, 1, 1, 1, 1, 1, 1, 1, 1, 1, 0, 0, 1, 1, 1, 1, 0, 1, 1, 0, 1, 1, 0, 1, 0, 1, 1, 0, 1, 0, 1, 1, 1, 0, 1, 1, 1, 1, 0, 1, 1, 1, 1, 1, 1, 1, 0, 0, 0, 1, 1, 1, 1, 0, 1, 1, 1, 1, 1, 1, 1, 1, 1, 1, 1, 0, 1, 1, 1, 1, 1, 1, 1, 1, 1, 0, 1, 1, 1, 1, 0, 1, 1, 0, 1, 1, 1, 1, 0, 1, 1, 1, 0, 1, 0, 1, 1, 1, 1, 1, 1, 1, 1, 1, 1, 1, 1, 1, 1, 1, 1, 0, 0, 1, 0, 1, 1, 1, 1, 1, 1, 1, 0, 1, 1, 1, 0, 1, 1, 1, 1, 1, 1, 0, 1, 1, 1, 1, 1, 1, 1, 1, 0, 1, 0, 1, 1, 1, 1, 1, 1, 1, 1, 0, 0, 1, 1, 1, 0, 1, 1, 1, 1, 1, 1, 1, 1, 0, 1, 1, 1, 0, 1, 0, 0, 1, 1, 1, 1, 1, 1, 0, 1, 1, 0, 0, 1, 1, 1, 1, 1, 1, 1, 1, 0, 1, 1, 1, 1, 1, 1, 1, 1, 0, 1, 0, 1, 1, 1, 0, 1, 0, 0, 1, 0, 1, 1, 1, 1, 1, 1, 1, 0, 0, 1, 1, 1, 1, 1, 1, 1, 1, 1, 1, 1, 1, 1, 1, 0, 0, 0, 1, 1, 0, 1, 0, 1, 1, 1, 1, 0, 1, 1, 0, 1, 1, 1, 1, 1, 0, 1, 1, 1, 1, 1, 0, 1, 1, 0, 1, 1, 1, 1, 1, 1, 1, 0, 0, 1, 1, 1, 1, 1, 1, 1, 1, 1, 1, 1, 1, 0, 0, 1, 0, 1, 1, 1, 1, 1, 0, 1, 1, 1, 1, 1, 1, 1, 0, 1, 0, 1, 1, 0, 1, 1, 1, 1, 1, 1, 0, 0, 1, 1, 1, 1, 1, 1, 1, 1, 1, 0, 1, 1, 1, 1, 1, 1, 1, 0, 1, 1, 1, 1, 1, 0, 1, 0, 0, 1, 1, 1, 0, 1, 1, 1, 1, 1, 1, 1, 1, 1, 1, 1, 1, 1, 1, 1, 1, 1, 0, 1, 1, 1, 0, 1, 1, 1, 0, 1, 0, 1, 1, 1, 1, 0, 0, 0, 1, 1, 0, 0, 1, 1, 1, 1, 1, 1, 1, 1, 1, 1, 1, 1, 1, 0, 1, 1, 0, 1, 0, 1, 1, 0, 1, 1, 1, 1, 1, 0, 1, 1, 0, 1, 1, 1, 1, 1, 1, 1, 1, 0, 1, 1, 1, 1, 1, 0, 1, 1, 0, 1, 1, 1, 0, 1, 0, 1, 1, 1, 1, 1, 1, 1, 1, 1, 1, 0, 1, 1, 1, 1, 1, 0, 1, 1, 1, 0, 1, 1, 1, 1, 1, 1, 1, 1, 0, 1, 0, 0, 1, 1, 1, 1, 1, 0, 1, 0, 1, 0, 1, 1, 1, 1, 0, 1, 0, 1, 1, 0, 1, 1, 1, 1, 1, 1, 0, 0, 0, 1, 1, 1, 1, 1, 1, 1, 1, 1, 1, 1, 1, 1, 1, 0, 1, 0, 1, 1, 1, 1, 1, 0, 1, 1, 1, 1, 1, 1, 1, 1, 1, 1, 0, 0, 1, 1, 0, 1, 1, 1, 1, 1, 0, 0, 1, 1, 1, 1, 1, 1, 1, 0, 1, 1, 1, 1, 1, 1, 1, 1, 1, 1, 1, 1, 1, 0, 1, 1, 1, 0, 1, 1, 1, 1, 0, 1, 1, 1, 1, 1, 1, 1, 1, 1, 1, 1, 1, 1, 1, 0, 1, 0, 1, 1, 1, 1, 1, 0, 1, 1, 1, 1, 1, 0, 1, 1, 1, 1, 1, 1, 0, 0, 1, 1, 1, 1, 1, 1, 1, 1, 0, 1, 1, 1, 1, 1, 0, 1, 1, 1, 1, 1, 1, 1, 1, 1, 1, 1, 0, 1, 1, 1, 1, 1, 1, 1, 1, 1, 1, 1, 1, 0, 1, 0, 0, 0, 1, 1, 1, 1, 1, 1, 1, 1, 0, 1, 1, 1, 1, 1, 0, 1, 1, 1, 0, 1, 1, 0, 1, 1, 1, 1, 1, 0, 1, 1, 0, 1, 1], 'temp_z': [1, 1, 1, 1, 1, 1, 1, 1, 1, 1, 1, 1, 1, 1, 1, 1, 1, 1, 1, 1, 1, 1, 1, 1, 1, 1, 1, 1, 1, 1, 1, 1, 1, 1, 1, 1], 'temp_host': [0, 1, 0, 0, 0, 0, 1, 0, 0, 0, 1, 0, 0, 1, 0, 0, 0, 0, 0, 0, 0, 1, 0, 0, 1, 0, 0, 0, 1, 0, 0, 0, 0, 1, 0, 0, 0, 1, 0, 1, 0, 1, 0, 0, 0, 1, 0, 0, 0, 0, 0, 0, 1, 0, 0, 1, 0, 1, 0, 0, 0, 0, 0, 0, 0, 1, 0, 0, 1, 0, 0, 1, 0, 0, 0, 0, 1, 0, 0, 0, 0, 0, 0, 1, 0, 0, 1, 0, 0, 0, 0, 0, 1, 0, 0, 0, 1, 0, 0, 0, 0, 0, 0, 0, 0, 1, 0, 0, 1, 0, 0, 0, 1, 0, 0, 0, 0, 0, 0, 1, 0, 0, 1, 0, 0, 0, 0, 1, 0, 0, 0, 0, 0, 0, 0, 0, 0, 1, 1, 0, 1, 0, 0, 0, 0, 1, 0, 0, 0, 0, 1, 0, 0, 0, 1, 0, 0, 0, 1, 0, 0, 0], 'min_meetings': 18}