Period one
Number of students: 27
Number of girls/boys: 4/23

Event: 1
Group 1: G1, G2, B3, B5, B10, Host: B10
Group 2: G3, G4, B1, B14, B21, Host: B21
Group 3: B2, B4, B7, B19, Host: B19
Group 4: B8, B9, B12, B13, B18, Host: B13
Group 5: B11, B15, B20, B23, Host: B15
Group 6: B6, B16, B17, B22, Host: B6
Event: 2
Group 1: G1, G3, B8, B20, B22, Host: B20
Group 2: G2, G4, B13, B23, Host: G2
Group 3: B2, B11, B17, B21, Host: B17
Group 4: B3, B4, B14, B15, B18, Host: B4
Group 5: B6, B9, B10, B19, Host: B9
Group 6: B1, B5, B7, B12, B16, Host: B12
Event: 3
Group 1: G1, G2, B14, B21, Host: G1
Group 2: G3, G4, B9, B12, B15, Host: G4
Group 3: B1, B3, B11, B19, B22, Host: B3
Group 4: B4, B10, B13, B16, Host: B16
Group 5: B7, B8, B17, B23, Host: B23
Group 6: B2, B5, B6, B18, B20, Host: B18
Event: 4
Group 1: G1, G3, B2, B3, B23, Host: G3
Group 2: G2, G4, B6, B8, Host: B8
Group 3: B12, B14, B16, B19, Host: B14
Group 4: B7, B10, B11, B18, Host: B7
Group 5: B1, B4, B9, B17, B20, Host: B1
Group 6: B5, B13, B15, B21, B22, Host: B5
Event: 5
Group 1: G1, G4, B1, B16, B18, Host: B16
Group 2: G2, G3, B15, B17, B19, Host: B17
Group 3: B4, B5, B8, B11, Host: B11
Group 4: B2, B9, B14, B22, Host: B22
Group 5: B3, B7, B13, B20, Host: B3
Group 6: B6, B10, B12, B21, B23, Host: B6
Event: 6
Group 1: G1, G3, B6, B11, B13, Host: B13
Group 2: G2, G4, B4, B7, B22, Host: G4
Group 3: B3, B9, B16, B21, Host: B21
Group 4: B1, B2, B8, B10, B15, Host: B2
Group 5: B5, B18, B19, B23, Host: B23
Group 6: B12, B14, B17, B20, Host: B20

--------------------------------------------------
The smallest number of meetings a student obtain in the event period: 18
The total number of meetings in the event period: 540
The gap value for the event period: 30.0%
Total solution time for the event period: 3601.74s
--------------------------------------------------
{'temp_x': [0, 0, 1, 1, 1, 2, 0, 2, 0, 5, 2, 3, 3, 0, 4, 3, 3, 1, 4, 5, 5, 3, 2, 4, 1, 5, 4, 0, 1, 0, 1, 5, 2, 3, 3, 5, 4, 5, 0, 4, 4, 2, 5, 1, 3, 3, 5, 2, 3, 4, 0, 2, 0, 1, 0, 0, 1, 1, 2, 5, 2, 3, 5, 5, 4, 4, 1, 3, 2, 1, 3, 0, 1, 3, 4, 5, 2, 5, 0, 2, 4, 0, 1, 0, 1, 4, 0, 0, 4, 5, 1, 3, 1, 4, 3, 3, 2, 5, 2, 5, 2, 4, 3, 2, 4, 5, 5, 0, 0, 1, 1, 0, 0, 3, 4, 2, 2, 5, 4, 2, 3, 5, 2, 5, 4, 3, 1, 0, 1, 0, 1, 4, 5, 3, 5, 0, 1, 0, 1, 3, 3, 2, 1, 4, 0, 1, 3, 2, 3, 0, 5, 0, 5, 3, 2, 5, 4, 4, 5, 2, 1, 4], 'temp_y': [1, 1, 1, 1, 1, 1, 0, 1, 1, 0, 1, 0, 1, 1, 0, 1, 1, 0, 1, 0, 1, 0, 1, 1, 1, 1, 1, 1, 1, 0, 0, 1, 1, 1, 1, 1, 1, 0, 1, 0, 0, 1, 1, 1, 0, 1, 0, 1, 0, 1, 1, 1, 1, 1, 1, 1, 1, 1, 0, 0, 1, 0, 1, 1, 0, 1, 1, 1, 1, 1, 0, 1, 0, 1, 1, 1, 1, 1, 1, 1, 1, 1, 0, 0, 1, 0, 1, 1, 1, 1, 0, 0, 1, 1, 1, 1, 1, 0, 1, 0, 0, 1, 1, 1, 1, 0, 1, 1, 1, 1, 1, 1, 0, 1, 1, 1, 1, 1, 1, 0, 1, 1, 1, 1, 1, 1, 1, 1, 1, 0, 1, 0, 1, 0, 1, 1, 1, 1, 1, 1, 1, 1, 1, 1, 0, 0, 1, 1, 0, 1, 1, 1, 1, 1, 1, 1, 1, 1, 1, 0, 1, 1, 1, 1, 0, 1, 0, 1, 1, 1, 0, 1, 1, 1, 1, 0, 1, 1, 1, 1, 1, 1, 0, 1, 0, 1, 1, 1, 1, 1, 0, 1, 1, 1, 1, 1, 0, 1, 1, 1, 1, 1, 1, 1, 1, 0, 1, 0, 1, 1, 0, 0, 1, 1, 1, 1, 1, 1, 1, 0, 1, 1, 1, 1, 0, 1, 1, 0, 1, 1, 1, 1, 1, 1, 1, 1, 1, 1, 0, 1, 0, 0, 1, 0, 1, 1, 1, 1, 1, 1, 0, 0, 1, 1, 1, 1, 1, 1, 1, 1, 0, 1, 0, 1, 1, 1, 1, 1, 1, 0, 1, 0, 1, 1, 1, 1, 0, 0, 1, 1, 1, 1, 1, 0, 1, 1, 1, 1, 1, 1, 1, 1, 0, 1, 1, 1, 1, 1, 1, 1, 1, 1, 0, 1, 0, 1, 1, 0, 1, 0, 1, 1, 0, 0, 1, 1, 1, 1, 1, 1, 0, 1, 0, 1, 1, 0, 1, 1, 1, 1, 1, 1, 1, 1, 1, 1, 1, 0, 1, 1, 0, 0, 1, 1, 1, 1, 1, 1, 1, 1, 1, 1, 1, 1, 0, 1, 1, 0, 1, 1, 0, 1, 0, 1, 1, 0, 1, 0, 1, 1, 1, 1, 1, 1, 1, 1, 0, 1, 0, 1, 0, 1, 0, 1, 1, 1, 1, 1, 1, 1, 0, 0, 1, 1, 1, 0, 0, 0, 1, 1, 1, 1, 1, 1, 0, 1, 1, 1, 1, 1, 1, 1, 1, 1, 0, 1, 1, 1, 1, 1, 0, 0, 1, 1, 1, 1, 1, 1, 1, 1, 1, 1, 0, 1, 1, 0, 1, 0, 1, 1, 1, 1, 1, 1, 1, 1, 1, 1, 1, 1, 0, 0, 0, 0, 1, 0, 0, 1, 0, 1, 1, 1, 1, 1, 1, 1, 1, 0, 0, 1, 1, 1, 1, 1, 1, 1, 1, 0, 0, 1, 1, 1, 1, 1, 1, 1, 0, 1, 1, 1, 1, 1, 1, 1, 1, 0, 0, 1, 1, 0, 1, 1, 1, 1, 1, 0, 1, 1, 0, 1, 1, 1, 0, 1, 1, 1, 0, 1, 1, 0, 0, 1, 1, 0, 1, 1, 0, 1, 0, 1, 1, 1, 1, 0, 1, 1, 0, 1, 1, 1, 0, 1, 1, 1, 1, 1, 1, 0, 0, 1, 1, 1, 1, 1, 1, 1, 1, 1, 1, 1, 1, 1, 1, 1, 1, 1, 0, 1, 1, 0, 0, 1, 0, 1, 1, 0, 1, 1, 1, 1, 1, 1, 1, 0, 1, 1, 1, 1, 0, 1, 1, 1, 1, 1, 0, 0, 1, 1, 1, 0, 1, 0, 1, 1, 1, 1, 1, 1, 1, 1, 1, 0, 1, 1, 1, 1, 1, 0, 1, 1, 0, 0, 1, 1, 1, 1, 1, 1, 1, 1, 1, 0, 1, 1, 0, 0, 1, 1, 1, 1, 1, 1, 1, 1, 1, 0, 0, 0, 1, 1, 1, 1, 1, 1, 1, 1, 1, 1, 1, 1, 1, 1, 1, 0, 1, 0, 1, 1, 1, 1, 1, 0, 1, 1, 1, 0, 1, 1, 1, 1, 0, 1, 1, 0, 1, 1, 1, 1, 0, 1, 1, 1, 1, 0, 1, 0, 1, 1, 1, 1, 1, 0], 'temp_z': [1, 1, 1, 1, 1, 1, 1, 1, 1, 1, 1, 1, 1, 1, 1, 1, 1, 1, 1, 1, 1, 1, 1, 1, 1, 1, 1, 1, 1, 1, 1, 1, 1, 1, 1, 1], 'temp_host': [0, 0, 1, 0, 0, 0, 0, 1, 0, 0, 0, 0, 0, 0, 0, 1, 0, 0, 0, 0, 1, 0, 0, 1, 0, 0, 0, 1, 0, 0, 0, 0, 0, 0, 0, 1, 0, 0, 1, 0, 1, 0, 0, 1, 0, 0, 0, 0, 0, 0, 0, 1, 0, 0, 1, 0, 0, 0, 1, 0, 0, 0, 0, 1, 0, 0, 0, 0, 0, 1, 0, 0, 0, 1, 0, 0, 0, 0, 1, 0, 0, 0, 0, 0, 0, 0, 0, 0, 1, 0, 0, 1, 0, 0, 0, 0, 1, 0, 0, 0, 0, 1, 0, 0, 0, 1, 0, 0, 1, 0, 0, 0, 0, 0, 0, 0, 1, 0, 1, 0, 0, 1, 0, 0, 1, 0, 0, 0, 1, 0, 0, 0, 1, 0, 0, 0, 0, 0, 0, 1, 0, 0, 0, 1, 1, 0, 0, 0, 0, 1, 0, 0, 0, 0, 1, 0, 0, 0, 1, 0, 0, 1], 'min_meetings': 18}