Period one
Number of students: 27
Number of girls/boys: 7/20

Event: 1
Group 1: G1, G2, B9, B17, Host: B17
Group 2: G5, G6, B11, B20, Host: B20
Group 3: G3, G4, G7, B14, B18, Host: G7
Group 4: B2, B4, B12, B15, Host: B12
Group 5: B3, B10, B13, B16, B19, Host: B10
Group 6: B1, B5, B6, B7, B8, Host: B6
Event: 2
Group 1: G1, G3, B6, B16, B20, Host: G1
Group 2: G2, G5, G7, B5, B15, Host: G2
Group 3: G4, G6, B12, B19, Host: G6
Group 4: B1, B4, B10, B11, B17, Host: B11
Group 5: B8, B9, B13, B18, Host: B18
Group 6: B2, B3, B7, B14, Host: B2
Event: 3
Group 1: G1, G7, B2, B17, Host: G7
Group 2: G2, G3, G6, B7, B13, Host: B7
Group 3: G4, G5, B4, B8, B16, Host: G4
Group 4: B1, B3, B12, B20, Host: B1
Group 5: B6, B10, B15, B18, Host: B15
Group 6: B5, B9, B11, B14, B19, Host: B19
Event: 4
Group 1: G1, G2, B3, B8, B11, Host: G1
Group 2: G4, G6, B6, B9, Host: B9
Group 3: G3, G5, G7, B10, B12, Host: G5
Group 4: B2, B5, B16, B18, Host: B2
Group 5: B1, B4, B13, B14, Host: B4
Group 6: B7, B15, B17, B19, B20, Host: B20
Event: 5
Group 1: G1, G5, G6, B14, B18, Host: B14
Group 2: G3, G4, B11, B13, B15, Host: G3
Group 3: G2, G7, B4, B6, B19, Host: B19
Group 4: B3, B5, B12, B17, Host: B17
Group 5: B1, B7, B9, B16, Host: B16
Group 6: B2, B8, B10, B20, Host: B8
Event: 6
Group 1: G1, G2, G4, B5, B10, Host: B5
Group 2: G3, G5, B1, B2, B19, Host: B1
Group 3: G6, G7, B8, B15, B16, Host: G6
Group 4: B3, B4, B9, B20, Host: B3
Group 5: B7, B11, B12, B18, Host: B11
Group 6: B6, B13, B14, B17, Host: B13

--------------------------------------------------
The smallest number of meetings a student obtain in the event period: 18
The total number of meetings in the event period: 536
The gap value for the event period: 30.97%
Total solution time for the event period: 3602.45s
--------------------------------------------------
{'temp_x': [0, 0, 2, 2, 1, 1, 2, 5, 3, 4, 3, 5, 5, 5, 5, 0, 4, 1, 3, 4, 2, 3, 4, 0, 2, 4, 1, 0, 1, 0, 2, 1, 2, 1, 3, 5, 5, 3, 1, 0, 5, 4, 4, 3, 3, 2, 4, 5, 1, 0, 3, 4, 2, 0, 0, 1, 1, 2, 2, 1, 0, 3, 0, 3, 2, 5, 4, 1, 2, 5, 4, 5, 3, 1, 5, 4, 2, 0, 4, 5, 3, 0, 0, 2, 1, 2, 1, 2, 4, 3, 0, 4, 3, 1, 5, 0, 1, 2, 0, 2, 4, 4, 5, 3, 5, 3, 5, 5, 0, 2, 1, 1, 0, 0, 2, 4, 5, 3, 2, 3, 2, 4, 5, 4, 5, 1, 3, 1, 0, 1, 4, 3, 0, 2, 5, 0, 0, 1, 0, 1, 2, 2, 1, 1, 3, 3, 0, 5, 4, 2, 3, 0, 4, 4, 5, 5, 2, 2, 5, 4, 1, 3], 'temp_y': [1, 1, 1, 1, 1, 1, 0, 1, 1, 0, 1, 1, 0, 1, 1, 1, 1, 0, 0, 1, 0, 1, 1, 1, 0, 1, 1, 1, 1, 1, 1, 1, 0, 0, 1, 1, 1, 1, 1, 1, 1, 1, 1, 0, 1, 0, 1, 0, 1, 0, 1, 0, 1, 1, 1, 1, 1, 1, 1, 1, 0, 0, 0, 1, 1, 0, 0, 1, 1, 1, 1, 1, 1, 1, 0, 1, 1, 1, 1, 1, 1, 1, 1, 1, 0, 0, 0, 1, 1, 1, 0, 1, 1, 1, 1, 1, 1, 1, 1, 1, 0, 1, 1, 0, 1, 1, 1, 1, 1, 1, 1, 1, 0, 1, 1, 0, 0, 1, 0, 1, 1, 1, 0, 1, 1, 1, 0, 1, 1, 1, 1, 1, 1, 1, 1, 1, 0, 0, 0, 0, 0, 1, 1, 1, 1, 0, 1, 1, 1, 1, 1, 1, 0, 1, 1, 1, 1, 1, 1, 1, 1, 1, 0, 1, 0, 1, 1, 1, 0, 1, 0, 1, 0, 1, 0, 1, 1, 1, 1, 1, 1, 0, 0, 0, 1, 0, 1, 0, 0, 1, 1, 1, 1, 1, 1, 1, 1, 1, 1, 1, 1, 1, 0, 1, 1, 0, 1, 1, 1, 0, 1, 0, 1, 0, 1, 1, 1, 1, 1, 0, 1, 1, 0, 1, 0, 1, 0, 1, 1, 1, 1, 1, 1, 1, 1, 1, 0, 0, 0, 0, 0, 1, 1, 1, 1, 0, 1, 1, 1, 1, 1, 1, 1, 1, 0, 1, 1, 0, 1, 1, 0, 1, 0, 1, 1, 0, 1, 1, 1, 1, 0, 1, 0, 1, 1, 1, 1, 1, 1, 1, 1, 1, 1, 0, 1, 1, 1, 1, 0, 1, 1, 0, 1, 1, 1, 1, 0, 1, 1, 1, 1, 1, 1, 1, 0, 1, 1, 1, 1, 1, 1, 0, 1, 1, 1, 1, 0, 1, 1, 1, 0, 0, 1, 1, 1, 1, 1, 1, 0, 0, 1, 1, 1, 1, 1, 1, 1, 1, 0, 1, 1, 0, 0, 1, 0, 1, 1, 1, 0, 1, 1, 1, 1, 0, 1, 1, 1, 1, 1, 1, 1, 1, 1, 1, 1, 1, 0, 1, 1, 1, 1, 1, 1, 1, 1, 1, 1, 1, 1, 1, 1, 0, 1, 0, 1, 1, 0, 1, 0, 1, 1, 1, 0, 1, 0, 1, 0, 1, 0, 1, 1, 1, 1, 1, 1, 0, 1, 0, 1, 1, 0, 1, 1, 1, 1, 1, 1, 1, 1, 1, 1, 0, 1, 1, 1, 1, 1, 1, 1, 0, 1, 0, 1, 1, 1, 0, 1, 1, 1, 1, 1, 1, 1, 1, 1, 1, 1, 1, 0, 1, 0, 1, 1, 1, 0, 1, 1, 1, 1, 1, 1, 1, 1, 0, 1, 1, 1, 1, 0, 0, 1, 1, 1, 1, 1, 1, 1, 1, 1, 1, 0, 1, 0, 0, 1, 1, 0, 0, 1, 0, 1, 1, 1, 1, 0, 1, 1, 1, 0, 1, 0, 1, 0, 1, 1, 0, 1, 1, 1, 1, 1, 1, 0, 1, 1, 1, 1, 1, 1, 0, 1, 0, 1, 1, 1, 1, 1, 1, 1, 1, 1, 1, 1, 1, 0, 1, 0, 1, 0, 1, 0, 0, 1, 1, 1, 0, 0, 1, 1, 1, 1, 1, 1, 0, 1, 0, 1, 1, 1, 1, 1, 0, 1, 1, 1, 1, 0, 1, 1, 1, 1, 1, 1, 0, 1, 1, 1, 1, 1, 1, 1, 1, 1, 1, 1, 1, 1, 1, 1, 0, 0, 1, 0, 1, 0, 1, 1, 1, 1, 1, 0, 0, 0, 0, 1, 1, 1, 1, 1, 1, 1, 1, 0, 1, 1, 1, 1, 1, 1, 1, 0, 0, 1, 1, 1, 0, 1, 1, 1, 1, 1, 0, 1, 0, 0, 1, 1, 1, 1, 1, 1, 1, 1, 1, 1, 1, 1, 0, 0, 0, 0, 1, 1, 1, 1, 1, 1, 1, 1, 1, 1, 1, 1, 1, 0, 1, 1, 1, 1, 1, 1, 1, 1, 1, 0, 1, 1, 0, 1, 0, 1, 1, 0, 1, 1, 1, 1, 0, 1, 1, 1, 1, 1, 1, 1, 0, 0, 1, 1, 1, 0, 1], 'temp_z': [1, 1, 1, 1, 1, 1, 1, 1, 1, 1, 1, 1, 1, 1, 1, 1, 1, 1, 1, 1, 1, 1, 1, 1, 1, 1, 1, 1, 1, 1, 1, 1, 1, 1, 1, 1], 'temp_host': [0, 1, 0, 1, 0, 0, 0, 1, 0, 0, 0, 0, 0, 0, 0, 0, 1, 0, 0, 0, 1, 0, 0, 0, 0, 0, 0, 1, 0, 0, 0, 1, 0, 0, 0, 1, 1, 0, 1, 0, 0, 0, 0, 0, 1, 0, 0, 1, 0, 1, 0, 1, 0, 0, 0, 0, 0, 0, 0, 1, 0, 0, 0, 1, 0, 0, 0, 0, 0, 0, 0, 1, 1, 0, 0, 0, 0, 0, 0, 0, 1, 0, 0, 0, 0, 0, 0, 0, 1, 0, 0, 0, 0, 1, 0, 0, 1, 0, 0, 0, 0, 0, 0, 1, 0, 0, 0, 1, 1, 0, 0, 0, 0, 0, 0, 0, 0, 0, 0, 1, 0, 0, 0, 0, 1, 0, 0, 0, 1, 0, 0, 0, 0, 0, 0, 0, 1, 0, 1, 0, 0, 0, 1, 0, 0, 1, 0, 0, 0, 0, 0, 0, 1, 0, 1, 0, 1, 0, 0, 1, 0, 0], 'min_meetings': 18}