Period one
Number of students: 27
Number of girls/boys: 8/19

Event: 1
Group 1: G1, G5, B11, B15, Host: B15
Group 2: G7, G8, B1, B8, B9, Host: G8
Group 3: G3, G4, B3, B7, B17, Host: G3
Group 4: G2, G6, B4, B10, Host: B4
Group 5: B2, B6, B12, B14, B19, Host: B12
Group 6: B5, B13, B16, B18, Host: B16
Event: 2
Group 1: G1, G4, B2, B8, B16, Host: B8
Group 2: G3, G7, B10, B11, Host: B10
Group 3: G2, G8, B3, B19, Host: G2
Group 4: G5, G6, B9, B13, B14, Host: B13
Group 5: B4, B6, B15, B17, B18, Host: B18
Group 6: B1, B5, B7, B12, Host: B5
Event: 3
Group 1: G1, G8, B10, B12, B18, Host: G1
Group 2: G2, G7, B7, B9, B15, Host: B7
Group 3: G3, G6, B6, B16, Host: G6
Group 4: G4, G5, B5, B19, Host: G5
Group 5: B8, B11, B13, B17, Host: B11
Group 6: B1, B2, B3, B4, B14, Host: B1
Event: 4
Group 1: G1, G3, B4, B9, B19, Host: G3
Group 2: G5, G7, B14, B16, B17, Host: B17
Group 3: G2, G4, B1, B6, B18, Host: G4
Group 4: G6, G8, B5, B11, Host: G8
Group 5: B3, B8, B12, B15, Host: B12
Group 6: B2, B7, B10, B13, Host: B13
Event: 5
Group 1: G1, G6, B3, B17, Host: B3
Group 2: G5, G8, B6, B7, Host: G5
Group 3: G4, G7, B4, B12, B13, Host: G7
Group 4: G2, G3, B5, B8, B14, Host: B5
Group 5: B1, B10, B15, B16, B19, Host: B10
Group 6: B2, B9, B11, B18, Host: B9
Event: 6
Group 1: G1, G3, B1, B13, Host: B1
Group 2: G2, G5, B2, B12, B17, Host: B2
Group 3: G6, G7, B8, B18, B19, Host: B19
Group 4: G4, G8, B14, B15, Host: B14
Group 5: B3, B5, B6, B9, B10, Host: B6
Group 6: B4, B7, B11, B16, Host: B16

--------------------------------------------------
The smallest number of meetings a student obtain in the event period: 18
The total number of meetings in the event period: 558
The gap value for the event period: 25.81%
Total solution time for the event period: 3601.68s
--------------------------------------------------
{'temp_x': [0, 3, 2, 2, 0, 3, 1, 1, 1, 4, 2, 3, 5, 4, 2, 1, 1, 3, 0, 4, 5, 4, 0, 5, 2, 5, 4, 0, 2, 1, 0, 3, 3, 1, 2, 5, 0, 2, 4, 5, 4, 5, 0, 3, 1, 1, 5, 3, 3, 4, 0, 4, 4, 2, 0, 1, 2, 3, 3, 2, 1, 0, 5, 5, 5, 5, 3, 2, 1, 4, 1, 0, 4, 0, 4, 5, 1, 2, 4, 0, 3, 0, 2, 0, 2, 1, 3, 1, 3, 2, 5, 4, 0, 3, 2, 5, 4, 0, 5, 3, 4, 5, 1, 4, 1, 1, 2, 0, 0, 3, 3, 2, 1, 0, 2, 1, 4, 5, 0, 2, 3, 1, 1, 3, 5, 4, 5, 2, 2, 3, 4, 4, 0, 5, 4, 0, 1, 0, 3, 1, 2, 2, 3, 0, 1, 4, 5, 4, 4, 5, 2, 4, 4, 5, 1, 0, 3, 3, 5, 1, 2, 2], 'temp_y': [0, 1, 1, 1, 1, 0, 1, 1, 1, 1, 1, 0, 0, 0, 1, 1, 1, 1, 1, 1, 0, 1, 1, 1, 1, 1, 0, 1, 1, 1, 1, 1, 1, 1, 1, 1, 1, 1, 1, 1, 1, 1, 1, 0, 1, 0, 1, 1, 0, 1, 1, 1, 1, 1, 1, 0, 1, 1, 0, 1, 0, 1, 1, 1, 1, 1, 1, 1, 1, 1, 0, 1, 1, 0, 1, 1, 0, 1, 1, 1, 1, 1, 0, 1, 1, 1, 1, 1, 1, 1, 1, 1, 1, 0, 0, 0, 1, 1, 1, 1, 1, 1, 1, 1, 1, 1, 0, 1, 1, 1, 1, 0, 1, 0, 0, 1, 1, 1, 0, 1, 0, 1, 1, 1, 1, 1, 1, 1, 0, 1, 1, 1, 1, 0, 1, 1, 1, 0, 0, 1, 1, 1, 1, 0, 1, 1, 1, 1, 0, 1, 1, 0, 1, 1, 1, 1, 0, 1, 1, 1, 1, 1, 1, 1, 0, 0, 1, 0, 0, 1, 1, 1, 1, 1, 1, 1, 1, 1, 1, 1, 1, 1, 1, 1, 0, 1, 1, 1, 1, 1, 0, 1, 0, 1, 1, 1, 1, 1, 1, 1, 1, 0, 1, 1, 0, 0, 1, 1, 1, 1, 1, 1, 0, 0, 1, 1, 1, 1, 1, 1, 1, 1, 1, 1, 1, 0, 1, 1, 1, 1, 1, 0, 1, 1, 1, 1, 0, 1, 1, 0, 0, 0, 1, 1, 1, 0, 1, 1, 1, 1, 1, 1, 1, 1, 1, 0, 1, 1, 1, 1, 1, 1, 1, 1, 0, 1, 0, 1, 1, 1, 1, 1, 1, 1, 1, 1, 1, 0, 1, 0, 1, 1, 0, 1, 0, 1, 1, 1, 1, 1, 0, 1, 1, 0, 1, 1, 1, 0, 1, 1, 0, 1, 1, 1, 1, 1, 1, 1, 1, 1, 1, 1, 0, 1, 1, 1, 1, 1, 0, 1, 1, 0, 1, 0, 1, 1, 1, 1, 1, 1, 1, 1, 1, 0, 1, 0, 1, 1, 0, 1, 1, 1, 1, 1, 0, 1, 1, 1, 1, 1, 1, 1, 0, 1, 1, 0, 1, 0, 1, 1, 1, 1, 1, 1, 0, 1, 1, 1, 1, 0, 1, 1, 1, 1, 1, 1, 1, 1, 0, 1, 1, 1, 1, 1, 0, 1, 1, 1, 0, 0, 1, 1, 1, 1, 0, 1, 1, 1, 1, 1, 1, 0, 1, 0, 0, 1, 0, 1, 1, 1, 1, 1, 1, 1, 1, 1, 1, 1, 1, 0, 1, 1, 1, 1, 1, 1, 1, 1, 1, 1, 1, 1, 1, 1, 0, 1, 1, 1, 0, 0, 1, 1, 1, 1, 1, 0, 0, 1, 1, 1, 1, 1, 1, 1, 1, 1, 1, 0, 1, 1, 1, 1, 0, 1, 1, 0, 1, 1, 1, 0, 1, 0, 1, 1, 1, 1, 0, 1, 0, 1, 1, 0, 1, 1, 1, 1, 0, 1, 0, 1, 1, 1, 1, 0, 1, 1, 0, 1, 1, 0, 1, 1, 1, 1, 1, 1, 1, 1, 1, 1, 0, 1, 0, 1, 1, 1, 0, 1, 1, 1, 1, 0, 1, 1, 1, 1, 1, 0, 1, 1, 0, 1, 1, 0, 1, 1, 1, 1, 1, 1, 1, 0, 1, 1, 1, 0, 0, 1, 1, 1, 1, 1, 1, 1, 1, 1, 1, 1, 1, 1, 0, 1, 1, 0, 0, 1, 1, 1, 1, 1, 0, 1, 1, 1, 0, 1, 1, 0, 1, 1, 1, 0, 1, 1, 0, 1, 1, 1, 1, 1, 1, 1, 0, 1, 1, 1, 1, 1, 1, 0, 1, 1, 1, 1, 1, 0, 1, 1, 0, 1, 1, 1, 1, 1, 0, 1, 1, 0, 1, 1, 1, 1, 1, 1, 1, 1, 1, 1, 1, 1, 1, 0, 0, 1, 1, 1, 0, 1, 1, 1, 0, 0, 1, 1, 1, 1, 1, 1, 1, 0, 1, 1, 0, 1, 0, 1, 1, 1, 1, 1, 0, 1, 1, 1, 0, 1, 1, 1, 1, 1, 1, 0, 1, 1, 1, 1, 1, 1, 1, 1, 1, 1, 1, 1, 1, 1, 1, 1, 1, 1, 0, 1, 1, 1, 0, 1, 0, 1, 1, 1, 0, 1], 'temp_z': [1, 1, 1, 1, 1, 1, 1, 1, 1, 1, 1, 1, 1, 1, 1, 1, 1, 1, 1, 1, 1, 1, 1, 1, 1, 1, 1, 1, 1, 1, 1, 1, 1, 1, 1, 1], 'temp_host': [0, 0, 1, 0, 0, 0, 0, 1, 0, 0, 0, 0, 1, 0, 0, 1, 0, 0, 0, 0, 0, 1, 0, 0, 0, 0, 1, 0, 1, 0, 0, 0, 1, 0, 0, 0, 0, 0, 0, 0, 1, 0, 1, 0, 0, 1, 0, 0, 0, 0, 1, 0, 0, 1, 0, 0, 0, 0, 0, 1, 0, 0, 0, 0, 1, 0, 1, 0, 0, 0, 0, 0, 0, 1, 0, 0, 1, 0, 0, 0, 0, 0, 0, 1, 0, 0, 1, 0, 0, 0, 0, 1, 0, 0, 0, 0, 0, 0, 0, 0, 1, 0, 0, 1, 0, 0, 1, 0, 0, 0, 1, 0, 0, 0, 1, 0, 0, 1, 0, 0, 0, 1, 0, 1, 0, 0, 0, 0, 0, 0, 0, 1, 1, 0, 0, 0, 0, 0, 1, 0, 0, 0, 0, 1, 0, 0, 0, 1, 0, 0, 0, 1, 0, 0, 0, 0, 0, 0, 0, 0, 0, 1], 'min_meetings': 18}