Period one
Number of students: 27
Number of girls/boys: 9/18

Event: 1
Group 1: G1, G6, B14, B17, B18, Host: G6
Group 2: G5, G8, B12, B13, Host: B12
Group 3: G7, G9, B5, B9, Host: G9
Group 4: G2, G3, G4, B8, B10, Host: B10
Group 5: B3, B7, B15, B16, Host: B7
Group 6: B1, B2, B4, B6, B11, Host: B1
Event: 2
Group 1: G1, G5, G7, B3, B10, Host: B3
Group 2: G3, G8, B6, B16, B18, Host: B6
Group 3: G4, G9, B4, B14, Host: B4
Group 4: G2, G6, B2, B5, B12, Host: B5
Group 5: B1, B8, B9, B15, Host: B15
Group 6: B7, B11, B13, B17, Host: B13
Event: 3
Group 1: G1, G2, B11, B14, Host: G2
Group 2: G4, G7, B13, B15, B18, Host: G7
Group 3: G3, G5, G9, B2, B7, Host: B2
Group 4: G6, G8, B1, B10, Host: G6
Group 5: B3, B4, B9, B12, B16, Host: B9
Group 6: B5, B6, B8, B17, Host: B17
Event: 4
Group 1: G1, G3, B9, B13, Host: B13
Group 2: G4, G5, B5, B11, B16, Host: B11
Group 3: G8, G9, B4, B17, Host: G8
Group 4: G2, G6, G7, B6, B7, Host: B7
Group 5: B1, B2, B3, B8, B18, Host: B3
Group 6: B10, B12, B14, B15, Host: B14
Event: 5
Group 1: G1, G4, G8, B2, B7, Host: G4
Group 2: G3, G7, B1, B12, B17, Host: B1
Group 3: G2, G5, B4, B15, Host: G5
Group 4: G6, G9, B8, B16, Host: B16
Group 5: B9, B10, B11, B18, Host: B9
Group 6: B3, B5, B6, B13, B14, Host: B6
Event: 6
Group 1: G1, G9, B6, B12, Host: G1
Group 2: G3, G6, B11, B15, Host: G3
Group 3: G2, G4, B3, B9, B17, Host: B3
Group 4: G5, G7, G8, B8, B14, Host: B8
Group 5: B1, B4, B5, B7, B18, Host: B18
Group 6: B2, B10, B13, B16, Host: B13

--------------------------------------------------
The smallest number of meetings a student obtain in the event period: 18
The total number of meetings in the event period: 548
The gap value for the event period: 28.1%
Total solution time for the event period: 3601.68s
--------------------------------------------------
{'temp_x': [0, 3, 3, 3, 1, 0, 2, 1, 2, 5, 5, 4, 5, 2, 5, 4, 3, 2, 3, 5, 1, 1, 0, 4, 4, 0, 0, 0, 3, 1, 2, 0, 3, 0, 1, 2, 4, 3, 0, 2, 3, 1, 5, 4, 4, 0, 5, 3, 5, 2, 4, 1, 5, 1, 0, 0, 2, 1, 2, 3, 1, 3, 2, 3, 2, 4, 4, 5, 5, 2, 5, 4, 3, 0, 4, 1, 0, 1, 4, 5, 1, 0, 3, 0, 1, 1, 3, 3, 2, 2, 4, 4, 4, 2, 1, 3, 3, 4, 0, 5, 1, 5, 0, 5, 5, 1, 2, 4, 0, 2, 1, 0, 2, 3, 1, 0, 3, 1, 0, 5, 2, 5, 5, 0, 3, 4, 4, 4, 1, 5, 5, 2, 3, 1, 4, 0, 2, 1, 2, 3, 1, 3, 3, 0, 4, 5, 2, 4, 4, 0, 4, 3, 2, 5, 1, 0, 5, 3, 1, 5, 2, 4], 'temp_y': [1, 1, 1, 1, 1, 1, 1, 1, 0, 1, 1, 0, 0, 1, 1, 0, 1, 1, 1, 1, 1, 1, 0, 0, 1, 1, 1, 1, 1, 1, 1, 1, 0, 0, 0, 1, 1, 1, 1, 1, 1, 1, 1, 1, 1, 1, 0, 1, 1, 0, 1, 0, 1, 1, 1, 1, 1, 1, 1, 1, 1, 1, 0, 0, 0, 1, 1, 1, 1, 1, 1, 1, 1, 0, 1, 1, 1, 1, 1, 1, 1, 1, 0, 1, 1, 1, 0, 1, 1, 1, 1, 0, 1, 1, 1, 1, 1, 0, 1, 1, 1, 1, 1, 1, 1, 1, 1, 1, 0, 1, 1, 1, 0, 1, 1, 1, 1, 0, 1, 1, 0, 1, 1, 1, 1, 1, 1, 1, 0, 0, 1, 1, 1, 0, 0, 1, 1, 1, 1, 1, 0, 0, 1, 1, 1, 1, 0, 1, 1, 1, 0, 1, 1, 1, 1, 1, 1, 1, 1, 1, 1, 1, 1, 1, 1, 0, 1, 0, 1, 1, 1, 1, 1, 1, 0, 1, 1, 1, 1, 0, 1, 1, 1, 0, 1, 1, 1, 1, 1, 1, 1, 1, 0, 1, 0, 1, 1, 1, 0, 1, 0, 1, 1, 1, 0, 1, 1, 1, 1, 0, 1, 1, 1, 1, 1, 1, 0, 1, 0, 1, 1, 1, 1, 1, 1, 0, 0, 1, 0, 1, 0, 1, 1, 0, 0, 0, 1, 0, 0, 1, 1, 1, 0, 1, 1, 1, 1, 1, 1, 1, 1, 1, 1, 1, 0, 0, 1, 0, 1, 1, 1, 1, 1, 1, 1, 1, 0, 1, 1, 1, 1, 1, 1, 1, 1, 1, 0, 1, 1, 1, 1, 0, 0, 1, 0, 1, 1, 1, 0, 1, 1, 0, 1, 0, 0, 1, 1, 1, 1, 1, 1, 1, 1, 1, 0, 1, 1, 1, 1, 1, 1, 1, 0, 1, 0, 1, 1, 0, 0, 1, 1, 1, 1, 1, 1, 1, 1, 0, 1, 0, 1, 1, 0, 1, 1, 1, 1, 1, 0, 1, 0, 1, 1, 1, 1, 0, 1, 1, 1, 1, 1, 1, 1, 1, 1, 0, 1, 1, 1, 1, 0, 1, 1, 1, 1, 1, 1, 0, 0, 1, 1, 1, 1, 1, 1, 1, 1, 1, 1, 1, 0, 0, 1, 1, 1, 1, 0, 1, 1, 1, 1, 1, 1, 1, 1, 1, 1, 1, 1, 1, 1, 1, 1, 1, 1, 0, 0, 0, 1, 0, 1, 0, 1, 1, 1, 1, 0, 1, 1, 1, 1, 1, 1, 1, 1, 1, 1, 1, 0, 1, 1, 0, 1, 1, 0, 0, 0, 1, 1, 1, 1, 1, 1, 1, 1, 1, 0, 0, 1, 0, 1, 1, 0, 1, 1, 1, 0, 0, 1, 1, 1, 1, 1, 0, 1, 1, 1, 1, 1, 1, 1, 1, 1, 1, 1, 1, 0, 1, 1, 1, 0, 0, 0, 0, 1, 1, 1, 1, 1, 1, 1, 1, 0, 1, 1, 1, 1, 1, 1, 1, 0, 0, 0, 1, 1, 0, 1, 1, 1, 1, 0, 1, 1, 0, 1, 1, 1, 1, 1, 1, 1, 1, 1, 0, 1, 1, 1, 1, 1, 1, 1, 1, 1, 1, 1, 0, 0, 1, 1, 0, 1, 1, 1, 1, 1, 0, 1, 0, 1, 1, 1, 0, 1, 1, 0, 0, 1, 1, 0, 1, 1, 1, 0, 1, 1, 1, 1, 1, 1, 1, 1, 1, 1, 1, 0, 1, 1, 1, 1, 1, 1, 0, 0, 1, 1, 1, 1, 0, 1, 0, 1, 1, 1, 1, 1, 0, 1, 1, 0, 1, 1, 1, 1, 1, 1, 0, 0, 1, 0, 1, 1, 0, 0, 1, 1, 1, 1, 1, 1, 1, 1, 1, 0, 1, 0, 0, 1, 1, 1, 1, 0, 1, 1, 0, 1, 1, 1, 1, 1, 1, 1, 1, 1, 1, 1, 1, 0, 1, 0, 1, 1, 1, 1, 1, 0, 1, 1, 1, 1, 1, 0, 1, 1, 1, 1, 1, 1, 1, 0, 1, 1, 1, 1, 0, 0, 1, 1, 0, 1, 1, 0, 1, 1, 1, 0, 1, 1, 1, 1, 1, 1, 1, 1, 1, 1, 1, 0, 1, 1, 1, 1, 1], 'temp_z': [1, 1, 1, 1, 1, 1, 1, 1, 1, 1, 1, 1, 1, 1, 1, 1, 1, 1, 1, 1, 1, 1, 1, 1, 1, 1, 1, 1, 1, 1, 1, 1, 1, 1, 1, 1], 'temp_host': [0, 0, 0, 0, 0, 1, 0, 0, 1, 0, 0, 0, 0, 0, 0, 0, 0, 1, 0, 0, 0, 0, 1, 0, 0, 0, 0, 0, 1, 0, 1, 0, 1, 0, 0, 0, 0, 0, 1, 0, 0, 0, 0, 0, 0, 1, 0, 0, 1, 0, 0, 0, 0, 0, 1, 0, 0, 0, 1, 0, 0, 0, 1, 0, 0, 0, 0, 1, 0, 1, 0, 1, 0, 1, 0, 0, 0, 0, 0, 1, 0, 0, 0, 0, 0, 1, 0, 0, 1, 0, 1, 0, 0, 1, 0, 0, 0, 0, 0, 0, 0, 1, 0, 0, 1, 0, 1, 0, 1, 0, 0, 0, 0, 0, 0, 0, 0, 1, 0, 0, 1, 0, 0, 0, 0, 0, 0, 1, 0, 1, 0, 1, 0, 0, 0, 1, 0, 0, 0, 1, 0, 0, 0, 0, 0, 0, 0, 0, 1, 0, 0, 0, 1, 0, 0, 0, 0, 0, 0, 0, 0, 1], 'min_meetings': 18}