Period one
Number of students: 28
Number of girls/boys: 14/14

Event: 1
Group 1: G1, G3, G9, B10, B13, Host: G1
Group 2: G2, G8, G10, B6, B11, Host: G2
Group 3: G4, G7, B1, B3, B14, Host: G7
Group 4: G12, G14, B2, B8, B9, Host: B8
Group 5: G5, G6, B4, B12, Host: B4
Group 6: G11, G13, B5, B7, Host: G13
Event: 2
Group 1: G1, G6, B3, B9, Host: B3
Group 2: G4, G9, G11, B2, B6, Host: G4
Group 3: G3, G10, G13, B8, B14, Host: G3
Group 4: G7, G12, B4, B5, B11, Host: G12
Group 5: G2, G5, B1, B7, B10, Host: B10
Group 6: G8, G14, B12, B13, Host: G8
Event: 3
Group 1: G1, G5, G14, B8, B11, Host: B11
Group 2: G9, G13, B3, B4, B10, Host: G9
Group 3: G4, G8, B1, B5, B14, Host: B1
Group 4: G6, G12, B6, B7, Host: B6
Group 5: G2, G3, G11, B9, B12, Host: B12
Group 6: G7, G10, B2, B13, Host: B13
Event: 4
Group 1: G1, G8, B2, B4, Host: B2
Group 2: G6, G13, B1, B9, B13, Host: B9
Group 3: G3, G4, B7, B11, Host: G3
Group 4: G7, G11, B6, B8, B10, Host: G7
Group 5: G5, G9, G12, B12, B14, Host: B14
Group 6: G2, G10, G14, B3, B5, Host: G14
Event: 5
Group 1: G1, G2, B7, B14, Host: B7
Group 2: G4, G5, G10, B9, B10, Host: G5
Group 3: G3, G14, B1, B4, B6, Host: B6
Group 4: G7, G13, B2, B11, B12, Host: B12
Group 5: G11, G12, B3, B13, Host: B13
Group 6: G6, G8, G9, B5, B8, Host: G6
Event: 6
Group 1: G1, G10, G12, B1, B12, Host: G10
Group 2: G3, G5, B2, B5, Host: B5
Group 3: G6, G11, B10, B11, B14, Host: G11
Group 4: G7, G9, G14, B7, B9, Host: B9
Group 5: G8, G13, B3, B6, Host: B3
Group 6: G2, G4, B4, B8, B13, Host: G2

--------------------------------------------------
The smallest number of meetings a student obtain in the event period: 19
The total number of meetings in the event period: 586
The gap value for the event period: 29.01%
Total solution time for the event period: 3602.05s
--------------------------------------------------
{'temp_x': [0, 1, 0, 2, 4, 4, 2, 1, 0, 1, 5, 3, 5, 3, 2, 3, 2, 4, 5, 1, 5, 3, 3, 0, 1, 4, 0, 2, 0, 4, 2, 1, 4, 0, 3, 5, 1, 2, 1, 3, 2, 5, 4, 1, 0, 3, 3, 1, 4, 2, 0, 4, 3, 5, 5, 2, 0, 4, 4, 2, 0, 3, 5, 2, 1, 5, 4, 3, 1, 0, 2, 5, 1, 1, 2, 3, 3, 0, 4, 1, 0, 4, 5, 2, 0, 5, 2, 2, 4, 1, 3, 0, 4, 5, 3, 4, 1, 5, 1, 0, 5, 0, 5, 3, 2, 3, 1, 3, 2, 4, 1, 4, 0, 0, 2, 1, 1, 5, 3, 5, 5, 1, 4, 4, 3, 2, 2, 3, 4, 2, 5, 2, 0, 5, 1, 1, 3, 3, 4, 0, 0, 5, 1, 5, 1, 2, 3, 4, 3, 0, 2, 0, 4, 3, 0, 1, 4, 5, 1, 4, 3, 5, 3, 2, 2, 0, 5, 2], 'temp_y': [1, 1, 0, 1, 1, 0, 1, 1, 1, 0, 1, 0, 1, 1, 1, 1, 1, 0, 0, 1, 1, 1, 1, 1, 1, 1, 1, 1, 1, 1, 1, 0, 0, 1, 0, 1, 1, 0, 0, 1, 1, 0, 1, 1, 1, 1, 1, 1, 1, 1, 1, 1, 1, 1, 1, 1, 1, 1, 0, 0, 0, 1, 1, 1, 0, 1, 1, 1, 1, 0, 1, 1, 1, 1, 1, 1, 1, 1, 1, 1, 1, 0, 1, 1, 1, 0, 1, 1, 1, 1, 1, 0, 0, 0, 1, 1, 1, 1, 1, 1, 1, 1, 1, 1, 1, 0, 1, 1, 1, 1, 1, 1, 1, 0, 0, 1, 1, 0, 1, 0, 1, 1, 1, 0, 1, 1, 0, 1, 1, 1, 1, 1, 1, 0, 1, 1, 0, 0, 0, 1, 0, 1, 1, 0, 1, 1, 1, 0, 1, 0, 1, 1, 1, 1, 1, 1, 1, 1, 1, 1, 1, 1, 0, 0, 0, 1, 0, 0, 0, 1, 1, 1, 1, 1, 1, 1, 1, 1, 1, 1, 1, 1, 1, 1, 1, 1, 1, 1, 1, 1, 1, 0, 1, 0, 1, 0, 1, 1, 0, 0, 1, 1, 1, 1, 1, 1, 1, 1, 0, 1, 0, 0, 1, 1, 1, 1, 1, 0, 1, 1, 1, 1, 1, 1, 0, 1, 1, 1, 1, 0, 1, 1, 1, 1, 1, 1, 1, 1, 1, 0, 1, 1, 1, 1, 1, 1, 1, 1, 0, 1, 1, 0, 0, 1, 1, 1, 1, 1, 1, 0, 1, 1, 0, 1, 1, 1, 1, 1, 1, 1, 0, 1, 1, 1, 0, 1, 1, 0, 1, 0, 1, 1, 0, 0, 1, 1, 0, 1, 1, 1, 1, 1, 1, 1, 1, 1, 1, 1, 0, 0, 0, 1, 1, 1, 0, 1, 1, 1, 0, 1, 1, 1, 1, 1, 1, 1, 1, 1, 1, 0, 1, 1, 1, 1, 0, 0, 1, 0, 0, 1, 1, 1, 1, 1, 1, 0, 0, 1, 1, 1, 1, 1, 1, 1, 1, 1, 1, 1, 1, 1, 1, 1, 1, 1, 0, 1, 0, 1, 1, 1, 1, 0, 1, 0, 1, 1, 1, 1, 1, 1, 1, 1, 1, 0, 1, 1, 1, 0, 1, 1, 1, 1, 1, 1, 1, 1, 0, 1, 0, 1, 1, 1, 0, 1, 1, 1, 1, 1, 0, 1, 1, 0, 1, 1, 1, 1, 0, 1, 1, 1, 0, 1, 1, 1, 1, 1, 1, 1, 1, 0, 0, 1, 1, 1, 0, 1, 1, 0, 1, 1, 1, 0, 1, 1, 0, 1, 0, 1, 1, 1, 1, 1, 1, 1, 1, 1, 1, 0, 1, 1, 1, 0, 0, 1, 1, 0, 0, 1, 1, 1, 1, 1, 1, 1, 1, 1, 1, 1, 0, 0, 1, 1, 1, 1, 1, 1, 1, 1, 0, 1, 0, 1, 1, 1, 1, 0, 0, 1, 1, 1, 1, 1, 1, 1, 1, 1, 1, 1, 1, 1, 1, 1, 1, 1, 0, 1, 1, 0, 0, 1, 0, 0, 1, 0, 1, 1, 1, 0, 1, 1, 1, 1, 1, 1, 1, 1, 1, 1, 1, 1, 1, 0, 1, 1, 0, 1, 1, 0, 0, 0, 1, 1, 1, 1, 1, 1, 1, 0, 1, 0, 1, 1, 1, 1, 1, 0, 0, 0, 1, 1, 0, 1, 1, 1, 0, 0, 1, 1, 1, 1, 1, 1, 1, 1, 1, 1, 1, 1, 1, 1, 1, 0, 1, 0, 1, 1, 1, 0, 1, 1, 1, 0, 1, 1, 1, 1, 1, 1, 1, 1, 1, 0, 1, 1, 1, 1, 1, 1, 1, 1, 1, 0, 0, 0, 1, 1, 1, 0, 1, 1, 0, 1, 1, 1, 1, 1, 1, 1, 0, 1, 1, 1, 0, 1, 0, 1, 0, 1, 1, 0, 1, 1, 1, 1, 1, 0, 1, 1, 1, 1, 1, 1, 1, 1, 1, 1, 0, 1, 1, 1, 1, 1, 0, 1, 0, 1, 1, 1, 1, 1, 0, 1, 1, 0, 1, 1, 1, 1, 0, 1, 1, 1, 1, 1, 1, 1, 1, 1, 1, 1, 1, 0, 1, 0, 0, 0, 0, 1, 0, 1, 1, 1, 1, 1, 1, 1, 0, 1, 1, 1, 1, 1, 1, 1, 1, 1, 1, 1, 1, 1, 0, 0, 0, 1, 1, 1, 0, 1, 0, 1, 1, 1, 1, 1, 1, 1, 1, 1, 1, 1, 1, 1, 0, 1, 0, 1, 0, 1, 0, 1, 1, 0, 1, 1, 1, 0], 'temp_z': [1, 1, 1, 1, 1, 1, 0, 1, 1, 1, 1, 1, 1, 0, 1, 1, 1, 1, 1, 1, 0, 1, 1, 1, 1, 1, 1, 0, 1, 1, 1, 1, 1, 1, 0, 1, 1, 1, 1, 1, 1, 0], 'temp_host': [1, 0, 0, 0, 0, 0, 1, 0, 0, 0, 0, 1, 0, 1, 0, 1, 0, 0, 0, 1, 0, 0, 0, 0, 0, 0, 0, 0, 1, 0, 0, 0, 0, 0, 1, 0, 1, 0, 0, 1, 0, 0, 0, 1, 0, 0, 0, 0, 0, 0, 1, 0, 0, 0, 0, 0, 0, 0, 0, 1, 0, 0, 0, 0, 0, 1, 0, 1, 0, 0, 0, 0, 1, 0, 0, 0, 0, 0, 0, 0, 0, 1, 0, 0, 0, 0, 1, 0, 0, 0, 0, 0, 0, 1, 0, 0, 0, 1, 0, 0, 0, 1, 1, 0, 0, 0, 0, 0, 0, 0, 0, 0, 0, 1, 0, 0, 1, 0, 1, 0, 0, 0, 0, 0, 1, 0, 1, 0, 0, 0, 0, 0, 0, 0, 0, 1, 0, 1, 0, 1, 0, 0, 0, 0, 0, 0, 1, 0, 0, 0, 0, 0, 1, 0, 1, 0, 0, 0, 1, 0, 1, 0, 0, 0, 0, 1, 0, 0], 'min_meetings': 19}