Period one
Number of students: 28
Number of girls/boys: 10/18

Event: 1
Group 1: G1, G8, B1, B13, B15, Host: B13
Group 2: G6, G9, B9, B10, B16, Host: G9
Group 3: G4, G10, B6, B14, Host: G4
Group 4: G2, G3, B5, B7, B17, Host: B5
Group 5: G5, G7, B8, B11, Host: G5
Group 6: B2, B3, B4, B12, B18, Host: B2
Event: 2
Group 1: G1, G4, B3, B9, B17, Host: B3
Group 2: G2, G8, B6, B8, B10, Host: B6
Group 3: G9, G10, B2, B11, B15, Host: B15
Group 4: G3, G5, B12, B13, B16, Host: B16
Group 5: G6, G7, B5, B18, Host: G6
Group 6: B1, B4, B7, B14, Host: B4
Event: 3
Group 1: G1, G2, B4, B15, B16, Host: G2
Group 2: G7, G9, B3, B7, Host: G9
Group 3: G6, G8, B12, B14, B17, Host: B12
Group 4: G4, G5, B2, B5, B10, Host: B5
Group 5: G3, G10, B8, B18, Host: B8
Group 6: B1, B6, B9, B11, B13, Host: B9
Event: 4
Group 1: G1, G6, B6, B7, Host: B7
Group 2: G4, G9, B13, B18, Host: B18
Group 3: G8, G10, B4, B5, B9, Host: G10
Group 4: G3, G7, B10, B12, B15, Host: G7
Group 5: G2, G5, B3, B11, B14, Host: B11
Group 6: B1, B2, B8, B16, B17, Host: B17
Event: 5
Group 1: G1, G5, B9, B15, B18, Host: G1
Group 2: G3, G8, B2, B3, B6, Host: G8
Group 3: G2, G9, B1, B5, B12, Host: B1
Group 4: G4, G6, B4, B8, B11, Host: G4
Group 5: G7, G10, B14, B16, Host: B14
Group 6: B7, B10, B13, B17, Host: B13
Event: 6
Group 1: G1, G3, B11, B12, Host: G3
Group 2: G4, G8, B7, B16, B18, Host: B16
Group 3: G2, G7, B2, B9, Host: G2
Group 4: G5, G9, B4, B6, B17, Host: G5
Group 5: G6, G10, B1, B3, B10, Host: B10
Group 6: B5, B8, B13, B14, B15, Host: B8

--------------------------------------------------
The smallest number of meetings a student obtain in the event period: 19
The total number of meetings in the event period: 592
The gap value for the event period: 27.7%
Total solution time for the event period: 3602.39s
--------------------------------------------------
{'temp_x': [0, 3, 3, 2, 4, 1, 4, 0, 1, 2, 0, 5, 5, 5, 3, 2, 3, 4, 1, 1, 4, 5, 0, 2, 0, 1, 3, 5, 0, 1, 3, 0, 3, 4, 4, 1, 2, 2, 5, 2, 0, 5, 4, 1, 5, 1, 0, 1, 2, 3, 3, 5, 2, 3, 0, 4, 0, 0, 4, 3, 3, 2, 1, 2, 1, 4, 5, 3, 1, 0, 3, 5, 1, 4, 5, 3, 5, 2, 5, 2, 0, 0, 2, 4, 0, 4, 3, 1, 4, 0, 3, 2, 1, 2, 5, 5, 4, 2, 2, 0, 0, 5, 2, 3, 4, 3, 1, 4, 3, 5, 5, 1, 0, 2, 1, 3, 0, 3, 4, 1, 2, 4, 2, 1, 1, 3, 2, 1, 5, 3, 0, 5, 3, 2, 5, 4, 0, 4, 5, 0, 0, 2, 0, 1, 3, 4, 2, 1, 3, 4, 4, 2, 4, 3, 5, 3, 1, 5, 2, 4, 0, 0, 5, 5, 5, 1, 3, 1], 'temp_y': [1, 1, 1, 1, 1, 0, 1, 0, 0, 1, 0, 1, 1, 0, 1, 1, 0, 1, 0, 1, 1, 1, 0, 1, 1, 1, 1, 1, 1, 0, 1, 0, 1, 1, 1, 0, 1, 1, 1, 1, 1, 1, 1, 1, 1, 1, 1, 1, 0, 1, 1, 1, 1, 0, 1, 1, 0, 1, 0, 1, 1, 0, 1, 0, 1, 1, 0, 1, 1, 1, 1, 0, 1, 1, 1, 1, 0, 1, 1, 1, 1, 1, 0, 0, 1, 1, 0, 1, 1, 1, 0, 1, 1, 1, 1, 1, 1, 1, 1, 1, 1, 0, 1, 1, 0, 1, 1, 1, 1, 1, 1, 1, 0, 1, 0, 1, 0, 0, 1, 1, 1, 1, 1, 0, 1, 1, 1, 1, 1, 1, 1, 1, 1, 1, 1, 1, 0, 0, 1, 0, 1, 1, 1, 1, 1, 0, 1, 1, 1, 1, 1, 1, 1, 1, 1, 1, 0, 1, 0, 1, 1, 1, 0, 1, 1, 0, 1, 1, 0, 1, 1, 0, 1, 1, 0, 1, 0, 1, 1, 1, 1, 1, 1, 0, 1, 1, 1, 0, 1, 1, 1, 1, 1, 0, 1, 0, 0, 1, 1, 1, 1, 1, 1, 1, 1, 1, 1, 1, 0, 1, 1, 1, 1, 1, 1, 1, 0, 1, 0, 1, 1, 1, 1, 0, 1, 1, 1, 1, 1, 1, 1, 1, 0, 1, 1, 1, 1, 1, 0, 1, 1, 1, 1, 0, 0, 1, 1, 0, 1, 1, 1, 1, 1, 1, 1, 1, 1, 1, 0, 1, 1, 1, 1, 0, 0, 1, 1, 1, 0, 1, 1, 1, 0, 0, 0, 1, 0, 1, 1, 1, 1, 1, 1, 1, 1, 1, 1, 1, 1, 1, 1, 1, 1, 1, 1, 1, 0, 0, 1, 1, 1, 1, 0, 1, 1, 1, 1, 1, 1, 1, 1, 1, 0, 1, 1, 1, 1, 1, 0, 0, 1, 1, 1, 1, 1, 1, 1, 1, 1, 1, 1, 1, 1, 1, 1, 1, 1, 0, 1, 1, 0, 1, 1, 1, 1, 0, 1, 0, 0, 1, 1, 1, 1, 0, 1, 1, 1, 0, 1, 1, 1, 1, 1, 1, 1, 1, 1, 1, 1, 0, 1, 1, 0, 1, 1, 1, 1, 1, 0, 1, 1, 1, 1, 1, 1, 1, 1, 1, 1, 1, 0, 1, 0, 1, 1, 1, 1, 0, 1, 1, 1, 1, 0, 1, 1, 1, 1, 1, 1, 1, 1, 0, 1, 1, 1, 1, 1, 1, 1, 0, 1, 1, 1, 1, 1, 0, 1, 1, 0, 0, 1, 0, 1, 1, 1, 1, 0, 1, 1, 1, 1, 0, 1, 0, 1, 1, 1, 1, 0, 0, 1, 0, 0, 1, 1, 0, 1, 1, 1, 0, 1, 1, 1, 1, 1, 1, 1, 0, 1, 1, 1, 0, 1, 1, 1, 0, 0, 1, 1, 0, 1, 1, 1, 1, 1, 1, 1, 1, 0, 1, 1, 1, 1, 1, 1, 1, 1, 1, 1, 1, 1, 1, 0, 0, 1, 1, 0, 1, 0, 1, 1, 1, 1, 0, 1, 1, 1, 1, 1, 1, 1, 1, 1, 1, 1, 1, 0, 1, 1, 1, 1, 1, 0, 1, 1, 0, 1, 1, 1, 0, 1, 1, 1, 1, 1, 1, 1, 0, 1, 1, 1, 1, 1, 1, 0, 1, 0, 1, 1, 0, 1, 1, 1, 1, 0, 0, 0, 1, 1, 1, 0, 1, 1, 1, 1, 1, 0, 1, 1, 1, 1, 1, 0, 0, 0, 0, 1, 1, 1, 1, 1, 1, 1, 1, 1, 0, 1, 1, 1, 0, 0, 1, 1, 0, 1, 0, 0, 0, 1, 1, 1, 1, 1, 1, 1, 1, 1, 1, 1, 1, 1, 0, 1, 0, 1, 1, 1, 1, 1, 0, 1, 1, 0, 1, 1, 1, 1, 1, 1, 0, 0, 1, 1, 1, 1, 1, 1, 0, 1, 1, 1, 0, 1, 0, 1, 1, 1, 1, 1, 1, 0, 1, 1, 0, 0, 1, 1, 1, 1, 1, 1, 1, 1, 0, 1, 1, 1, 1, 1, 1, 1, 1, 1, 1, 1, 1, 1, 0, 1, 0, 0, 1, 1, 1, 1, 0, 1, 1, 1, 1, 1, 1, 1, 1, 1, 1, 1, 1, 0, 1, 1, 0, 1, 1, 1, 1, 1, 1, 1, 1, 1, 1, 0, 1, 1, 1, 0, 1, 0, 1, 0, 1, 1, 1, 1, 1, 1, 1, 1, 0, 1, 1, 1, 1, 0, 1, 1, 1, 0, 0, 1, 1, 0, 1, 1, 0], 'temp_z': [1, 1, 1, 1, 1, 1, 0, 1, 1, 1, 1, 1, 1, 0, 1, 1, 1, 1, 1, 1, 0, 1, 1, 1, 1, 1, 1, 0, 1, 1, 1, 1, 1, 1, 0, 1, 1, 1, 1, 1, 1, 0], 'temp_host': [0, 0, 0, 0, 1, 0, 0, 0, 1, 0, 0, 1, 0, 0, 0, 0, 0, 1, 1, 0, 0, 0, 1, 0, 1, 0, 0, 0, 0, 1, 0, 1, 0, 0, 0, 0, 0, 0, 0, 1, 0, 0, 0, 0, 0, 0, 1, 0, 1, 0, 1, 0, 0, 0, 0, 0, 0, 1, 0, 0, 0, 0, 0, 0, 1, 0, 1, 0, 0, 0, 0, 0, 0, 1, 0, 0, 0, 0, 0, 1, 0, 0, 0, 0, 1, 0, 1, 0, 0, 0, 0, 1, 0, 0, 0, 0, 0, 0, 0, 1, 0, 0, 0, 0, 1, 0, 0, 1, 0, 0, 1, 0, 0, 0, 0, 0, 0, 0, 0, 1, 0, 0, 0, 1, 0, 0, 0, 0, 1, 0, 0, 0, 1, 0, 0, 0, 1, 0, 0, 0, 0, 0, 1, 0, 0, 1, 0, 0, 0, 0, 0, 1, 0, 0, 0, 1, 0, 0, 0, 1, 0, 0, 0, 0, 0, 1, 0, 0], 'min_meetings': 19}