Period one
Number of students: 28
Number of girls/boys: 13/15

Event: 1
Group 1: G1, G9, G11, B10, B13, Host: G11
Group 2: G5, G7, B1, B5, B7, Host: B1
Group 3: G4, G13, B11, B15, Host: B15
Group 4: G6, G10, B2, B9, Host: G6
Group 5: G2, G8, B6, B8, B14, Host: G2
Group 6: G3, G12, B3, B4, B12, Host: B12
Event: 2
Group 1: G1, G10, B1, B3, Host: B3
Group 2: G7, G12, G13, B8, B10, Host: B8
Group 3: G6, G8, B5, B12, B15, Host: G8
Group 4: G5, G11, B2, B6, B11, Host: B6
Group 5: G4, G9, B4, B9, B14, Host: B9
Group 6: G2, G3, B7, B13, Host: B7
Event: 3
Group 1: G1, G7, B11, B12, B14, Host: B11
Group 2: G6, G9, B6, B7, Host: G9
Group 3: G4, G10, B5, B8, B13, Host: B5
Group 4: G8, G11, B3, B9, B10, Host: B10
Group 5: G3, G5, G13, B1, B4, Host: G13
Group 6: G2, G12, B2, B15, Host: B15
Event: 4
Group 1: G1, G4, B2, B7, Host: B7
Group 2: G8, G9, B1, B8, B11, Host: G8
Group 3: G7, G13, B3, B6, Host: G7
Group 4: G3, G10, G11, B14, B15, Host: G3
Group 5: G5, G12, B9, B12, B13, Host: G12
Group 6: G2, G6, B4, B5, B10, Host: G6
Event: 5
Group 1: G1, G7, B4, B13, B15, Host: B15
Group 2: G6, G11, B7, B8, Host: B8
Group 3: G4, G8, G12, B3, B14, Host: B14
Group 4: G2, G3, B9, B11, Host: B11
Group 5: G9, G13, B2, B5, B12, Host: B12
Group 6: G5, G10, B1, B6, B10, Host: G10
Event: 6
Group 1: G1, G12, B5, B6, B9, Host: G1
Group 2: G3, G7, B2, B10, Host: B2
Group 3: G6, G13, B13, B14, Host: B13
Group 4: G2, G4, G11, B1, B12, Host: G4
Group 5: G8, G10, B4, B7, B11, Host: B4
Group 6: G5, G9, B3, B8, B15, Host: G5

--------------------------------------------------
The smallest number of meetings a student obtain in the event period: 18
The total number of meetings in the event period: 578
The gap value for the event period: 30.8%
Total solution time for the event period: 3602.17s
--------------------------------------------------
{'temp_x': [0, 4, 5, 2, 1, 3, 1, 4, 0, 3, 0, 5, 2, 1, 3, 5, 5, 1, 4, 1, 4, 3, 0, 2, 5, 0, 4, 2, 0, 5, 5, 4, 3, 2, 1, 2, 4, 0, 3, 1, 1, 0, 3, 0, 4, 2, 3, 5, 1, 4, 1, 3, 2, 5, 4, 2, 0, 5, 4, 2, 4, 1, 0, 3, 1, 2, 3, 5, 4, 4, 5, 3, 4, 2, 1, 1, 2, 3, 3, 0, 0, 2, 0, 5, 0, 5, 3, 0, 4, 5, 2, 1, 1, 3, 3, 4, 2, 1, 0, 2, 5, 5, 2, 0, 1, 4, 5, 1, 4, 4, 3, 3, 0, 3, 3, 2, 5, 1, 0, 2, 4, 5, 1, 2, 4, 5, 4, 2, 0, 4, 5, 1, 1, 3, 5, 3, 4, 0, 2, 0, 0, 3, 1, 3, 5, 2, 1, 4, 5, 4, 3, 0, 2, 3, 1, 5, 4, 0, 0, 4, 5, 0, 1, 4, 3, 2, 2, 5], 'temp_y': [0, 0, 1, 0, 0, 1, 0, 1, 1, 1, 1, 0, 1, 1, 1, 1, 1, 1, 1, 0, 1, 1, 1, 1, 1, 1, 1, 0, 1, 1, 0, 1, 0, 1, 0, 0, 1, 1, 0, 1, 1, 0, 1, 1, 1, 1, 1, 1, 1, 1, 1, 1, 1, 1, 0, 1, 0, 1, 0, 1, 0, 0, 1, 1, 1, 1, 1, 1, 1, 1, 0, 0, 1, 0, 1, 1, 1, 1, 1, 1, 1, 1, 1, 0, 0, 0, 0, 1, 1, 1, 1, 1, 1, 1, 1, 1, 1, 1, 0, 1, 1, 1, 0, 1, 1, 1, 1, 1, 0, 0, 1, 0, 0, 1, 0, 1, 1, 1, 1, 1, 1, 1, 1, 1, 1, 1, 1, 1, 1, 1, 1, 1, 1, 0, 1, 0, 1, 0, 0, 0, 0, 1, 1, 1, 1, 0, 1, 0, 1, 0, 1, 1, 1, 1, 1, 1, 1, 0, 1, 1, 1, 1, 1, 0, 1, 0, 1, 0, 0, 0, 0, 0, 1, 1, 1, 1, 1, 1, 1, 1, 1, 1, 0, 1, 1, 1, 1, 1, 1, 0, 1, 0, 1, 0, 1, 0, 1, 1, 1, 1, 0, 1, 0, 1, 1, 1, 1, 1, 1, 1, 1, 1, 1, 0, 1, 1, 1, 0, 0, 1, 1, 1, 0, 1, 0, 1, 0, 1, 1, 1, 1, 1, 1, 1, 1, 1, 1, 1, 1, 1, 1, 1, 1, 1, 0, 1, 1, 1, 1, 0, 1, 0, 1, 0, 0, 1, 1, 1, 1, 1, 1, 1, 1, 1, 1, 1, 0, 1, 1, 1, 1, 1, 1, 1, 1, 1, 0, 1, 1, 1, 0, 0, 1, 1, 1, 0, 0, 1, 1, 1, 1, 1, 1, 1, 1, 1, 1, 1, 1, 1, 1, 1, 0, 1, 1, 0, 0, 0, 1, 0, 1, 1, 1, 1, 1, 0, 1, 1, 1, 0, 1, 1, 1, 1, 0, 0, 1, 1, 1, 1, 1, 0, 1, 0, 0, 1, 1, 1, 1, 1, 1, 1, 0, 1, 0, 1, 1, 1, 1, 1, 1, 1, 1, 1, 1, 1, 0, 1, 1, 1, 1, 1, 0, 1, 0, 1, 1, 1, 1, 1, 1, 0, 1, 1, 1, 0, 0, 0, 1, 1, 1, 1, 1, 1, 1, 0, 1, 1, 1, 1, 1, 0, 0, 0, 1, 1, 1, 0, 1, 1, 1, 1, 0, 0, 1, 1, 0, 1, 1, 1, 0, 1, 1, 1, 1, 1, 1, 1, 1, 0, 1, 0, 1, 0, 1, 1, 1, 0, 1, 0, 1, 1, 1, 1, 1, 1, 1, 1, 1, 1, 1, 1, 0, 1, 1, 1, 0, 1, 1, 0, 1, 0, 1, 1, 1, 1, 1, 1, 1, 1, 1, 0, 1, 1, 1, 1, 1, 1, 1, 0, 1, 1, 1, 1, 0, 1, 1, 1, 1, 1, 1, 0, 1, 1, 0, 1, 1, 1, 0, 0, 1, 1, 1, 1, 1, 1, 1, 1, 1, 1, 1, 1, 0, 1, 1, 1, 1, 1, 1, 0, 0, 1, 0, 1, 1, 1, 1, 1, 1, 1, 1, 1, 1, 1, 0, 0, 1, 1, 0, 1, 1, 1, 1, 0, 0, 1, 0, 1, 0, 0, 0, 1, 0, 1, 1, 1, 1, 1, 1, 1, 1, 1, 1, 1, 0, 1, 0, 1, 1, 1, 0, 1, 1, 0, 1, 1, 1, 1, 1, 1, 1, 1, 1, 0, 1, 1, 1, 1, 1, 0, 0, 1, 1, 1, 1, 1, 0, 0, 1, 1, 1, 1, 1, 0, 1, 1, 1, 0, 1, 1, 1, 1, 1, 1, 1, 1, 1, 1, 1, 1, 1, 1, 1, 0, 1, 1, 0, 0, 1, 0, 0, 1, 1, 1, 1, 1, 0, 1, 1, 1, 1, 1, 0, 1, 1, 1, 0, 1, 0, 1, 1, 1, 1, 0, 1, 0, 1, 1, 1, 1, 1, 1, 1, 1, 1, 1, 1, 0, 1, 1, 1, 1, 1, 1, 1, 1, 0, 0, 0, 1, 0, 1, 1, 1, 1, 1, 1, 1, 1, 1, 1, 1, 0, 1, 1, 1, 1, 1, 0, 0, 0, 1, 1, 0, 1, 1, 1, 1, 0, 1, 1, 1, 1, 1, 1, 1, 0, 1, 1, 1, 1, 1, 1, 1, 1, 0, 0, 1, 1, 0, 1, 0, 1, 1, 0, 1, 1, 1, 1, 1, 1, 1, 1, 1, 1, 1, 1, 1, 1, 1, 1, 1, 0, 1, 1, 1, 1, 0, 0, 1, 0, 0, 1, 1, 1, 1], 'temp_z': [1, 1, 1, 1, 1, 1, 0, 1, 1, 1, 1, 1, 1, 0, 1, 1, 1, 1, 1, 1, 0, 1, 1, 1, 1, 1, 1, 0, 1, 1, 1, 1, 1, 1, 0, 1, 1, 1, 1, 1, 1, 0], 'temp_host': [0, 0, 0, 0, 0, 1, 1, 0, 0, 0, 0, 0, 0, 0, 0, 1, 0, 0, 0, 0, 0, 0, 0, 1, 0, 0, 0, 0, 0, 1, 1, 0, 0, 1, 0, 0, 0, 0, 0, 1, 0, 0, 0, 1, 0, 1, 0, 0, 0, 0, 1, 0, 0, 0, 0, 0, 0, 0, 1, 0, 1, 0, 0, 0, 0, 0, 0, 0, 0, 1, 0, 0, 0, 0, 1, 0, 0, 0, 1, 0, 0, 0, 0, 0, 0, 0, 0, 0, 0, 1, 0, 1, 0, 0, 0, 0, 0, 0, 0, 0, 0, 1, 0, 0, 1, 0, 0, 0, 0, 1, 0, 0, 0, 0, 0, 1, 0, 1, 0, 0, 0, 1, 0, 0, 1, 0, 0, 1, 0, 0, 0, 0, 0, 0, 1, 0, 0, 0, 0, 0, 1, 0, 1, 0, 1, 0, 0, 0, 1, 0, 0, 0, 0, 0, 0, 1, 0, 0, 0, 0, 1, 0, 1, 0, 1, 0, 1, 0], 'min_meetings': 18}