Period one
Number of students: 28
Number of girls/boys: 12/16

Event: 1
Group 1: G1, G6, B10, B16, Host: B10
Group 2: G2, G9, B1, B6, B15, Host: B15
Group 3: G10, G12, B4, B5, B14, Host: B14
Group 4: G3, G5, B2, B8, B13, Host: B2
Group 5: G8, G11, B7, B9, Host: G8
Group 6: G4, G7, B3, B11, B12, Host: B11
Event: 2
Group 1: G1, G3, B6, B12, Host: B12
Group 2: G6, G7, B5, B7, B13, Host: G7
Group 3: G2, G11, B11, B14, Host: G11
Group 4: G4, G12, B1, B2, B9, Host: B9
Group 5: G5, G10, B3, B10, B15, Host: G10
Group 6: G8, G9, B4, B8, B16, Host: B16
Event: 3
Group 1: G1, G10, B7, B8, Host: B8
Group 2: G3, G9, B1, B5, B11, Host: G9
Group 3: G2, G6, B3, B9, Host: G6
Group 4: G8, G12, B10, B12, B13, Host: B10
Group 5: G7, G11, B2, B4, B15, Host: B4
Group 6: G4, G5, B6, B14, B16, Host: B6
Event: 4
Group 1: G1, G9, B2, B3, B14, Host: G1
Group 2: G3, G12, B7, B15, B16, Host: B16
Group 3: G6, G11, B1, B8, B12, Host: B1
Group 4: G8, G10, B5, B6, Host: B5
Group 5: G5, G7, B9, B10, B11, Host: G7
Group 6: G2, G4, B4, B13, Host: G4
Event: 5
Group 1: G1, G5, B1, B4, B7, Host: G5
Group 2: G9, G10, B9, B12, B13, Host: B12
Group 3: G7, G12, B3, B6, B8, Host: G12
Group 4: G4, G6, B14, B15, Host: B14
Group 5: G2, G8, B2, B11, B16, Host: G2
Group 6: G3, G11, B5, B10, Host: G3
Event: 6
Group 1: G1, G12, B11, B13, B15, Host: B13
Group 2: G3, G6, B4, B6, B9, Host: B6
Group 3: G4, G9, B2, B7, B10, Host: B7
Group 4: G2, G5, B5, B8, B12, Host: B8
Group 5: G10, G11, B3, B16, Host: B3
Group 6: G7, G8, B1, B14, Host: B1

--------------------------------------------------
The smallest number of meetings a student obtain in the event period: 19
The total number of meetings in the event period: 584
The gap value for the event period: 29.45%
Total solution time for the event period: 3601.91s
--------------------------------------------------
{'temp_x': [0, 1, 3, 5, 3, 0, 5, 4, 1, 2, 4, 2, 1, 3, 5, 2, 2, 1, 4, 3, 4, 0, 5, 5, 3, 2, 1, 0, 0, 2, 0, 3, 4, 1, 1, 5, 5, 4, 2, 3, 3, 3, 4, 5, 1, 0, 1, 5, 3, 4, 2, 0, 1, 2, 4, 5, 0, 2, 1, 5, 5, 2, 4, 3, 1, 0, 4, 3, 1, 4, 2, 4, 1, 5, 0, 0, 2, 3, 1, 3, 3, 5, 4, 5, 0, 5, 1, 5, 4, 2, 4, 3, 0, 3, 2, 1, 2, 0, 0, 5, 3, 3, 1, 2, 4, 4, 4, 2, 5, 0, 1, 1, 0, 4, 5, 3, 0, 3, 2, 4, 1, 1, 5, 2, 0, 4, 2, 0, 5, 2, 0, 2, 1, 5, 4, 1, 1, 3, 3, 4, 0, 3, 1, 2, 3, 1, 5, 5, 2, 4, 4, 0, 5, 2, 4, 1, 3, 1, 2, 3, 1, 2, 0, 3, 0, 5, 0, 4], 'temp_y': [0, 1, 0, 1, 1, 0, 0, 1, 1, 0, 1, 1, 1, 1, 1, 0, 1, 1, 1, 0, 1, 1, 1, 1, 1, 1, 1, 0, 0, 1, 1, 1, 0, 1, 1, 0, 1, 0, 1, 1, 1, 1, 1, 1, 0, 1, 1, 0, 1, 1, 1, 1, 1, 1, 1, 0, 0, 1, 1, 0, 0, 1, 0, 1, 1, 1, 1, 0, 1, 1, 1, 1, 1, 1, 1, 1, 1, 1, 0, 1, 1, 0, 1, 0, 1, 1, 1, 0, 1, 0, 0, 1, 1, 1, 1, 1, 0, 1, 1, 0, 1, 1, 1, 1, 1, 1, 1, 1, 1, 1, 1, 1, 0, 1, 0, 0, 1, 0, 0, 1, 1, 1, 1, 1, 1, 1, 1, 1, 1, 1, 1, 1, 1, 1, 1, 1, 1, 1, 1, 0, 1, 0, 0, 0, 1, 0, 1, 0, 1, 1, 1, 1, 1, 1, 1, 1, 0, 1, 1, 1, 1, 1, 0, 0, 0, 1, 1, 1, 1, 0, 0, 1, 1, 1, 1, 1, 1, 1, 1, 1, 1, 1, 1, 1, 1, 1, 1, 1, 0, 0, 1, 0, 0, 0, 0, 1, 1, 1, 1, 1, 1, 1, 0, 1, 1, 1, 1, 1, 1, 1, 1, 1, 1, 1, 0, 1, 1, 1, 1, 1, 0, 0, 0, 1, 1, 0, 0, 1, 1, 1, 1, 1, 1, 1, 1, 1, 1, 1, 1, 1, 1, 1, 1, 1, 0, 0, 0, 1, 0, 0, 1, 1, 1, 1, 0, 0, 1, 1, 1, 1, 1, 1, 1, 1, 0, 1, 1, 1, 1, 1, 0, 1, 1, 0, 0, 1, 1, 1, 0, 1, 0, 1, 1, 1, 1, 1, 0, 1, 1, 1, 1, 1, 1, 0, 1, 1, 1, 1, 0, 1, 1, 0, 0, 1, 1, 0, 1, 0, 1, 1, 1, 1, 1, 1, 1, 1, 1, 1, 1, 1, 1, 1, 1, 1, 1, 1, 1, 1, 1, 1, 1, 1, 1, 0, 1, 1, 1, 0, 1, 1, 1, 1, 1, 1, 0, 1, 1, 0, 1, 1, 0, 1, 1, 1, 1, 1, 0, 1, 1, 1, 0, 1, 1, 1, 1, 1, 0, 0, 1, 1, 1, 1, 1, 0, 1, 1, 1, 1, 1, 1, 0, 1, 1, 1, 1, 0, 1, 1, 1, 1, 0, 1, 0, 0, 1, 0, 1, 1, 1, 1, 1, 0, 1, 1, 1, 1, 1, 1, 1, 1, 1, 1, 1, 1, 1, 1, 1, 1, 1, 0, 1, 1, 1, 1, 1, 0, 0, 0, 1, 1, 1, 1, 0, 1, 1, 0, 1, 1, 1, 1, 1, 1, 1, 1, 1, 0, 0, 1, 1, 1, 1, 0, 1, 1, 1, 1, 1, 0, 0, 1, 1, 1, 1, 1, 1, 1, 1, 1, 1, 0, 1, 1, 0, 1, 1, 1, 0, 1, 1, 0, 0, 1, 0, 1, 1, 1, 1, 0, 1, 1, 1, 1, 1, 1, 1, 1, 1, 1, 1, 1, 0, 1, 1, 0, 1, 1, 1, 0, 0, 1, 0, 1, 1, 1, 1, 1, 0, 1, 1, 1, 1, 1, 1, 1, 1, 1, 1, 1, 1, 1, 1, 1, 0, 0, 0, 1, 1, 0, 0, 1, 0, 1, 1, 1, 1, 1, 1, 1, 1, 1, 1, 1, 1, 1, 1, 1, 0, 1, 1, 0, 1, 1, 1, 1, 0, 0, 0, 1, 0, 1, 1, 1, 1, 1, 1, 1, 1, 1, 1, 0, 1, 1, 0, 1, 0, 1, 0, 1, 1, 1, 1, 0, 1, 1, 1, 1, 1, 1, 1, 0, 1, 1, 1, 0, 1, 1, 1, 1, 1, 0, 1, 0, 0, 0, 1, 1, 1, 1, 1, 1, 1, 1, 1, 1, 1, 1, 1, 1, 1, 1, 1, 1, 1, 1, 0, 1, 0, 1, 1, 0, 1, 1, 1, 1, 1, 0, 0, 0, 1, 1, 1, 1, 1, 1, 1, 1, 1, 1, 0, 1, 0, 1, 0, 1, 1, 0, 1, 1, 1, 1, 1, 1, 0, 1, 0, 1, 1, 0, 1, 1, 1, 1, 1, 1, 1, 1, 1, 1, 1, 1, 1, 1, 1, 0, 0, 0, 0, 1, 0, 0, 1, 1, 1, 1, 1, 1, 1, 1, 1, 0, 1, 1, 1, 1, 1, 1, 1, 1, 0, 1, 1, 0, 0, 1, 1, 0, 1, 1, 1, 1, 1, 1, 1, 1, 1, 0, 1, 1, 1, 1, 1, 0, 1, 1, 1, 0, 1, 1, 1, 0, 1, 1, 0, 0, 1, 1], 'temp_z': [1, 1, 1, 1, 1, 1, 0, 1, 1, 1, 1, 1, 1, 0, 1, 1, 1, 1, 1, 1, 0, 1, 1, 1, 1, 1, 1, 0, 1, 1, 1, 1, 1, 1, 0, 1, 1, 1, 1, 1, 1, 0], 'temp_host': [0, 0, 0, 1, 0, 0, 0, 0, 0, 0, 1, 0, 0, 0, 0, 0, 1, 0, 0, 0, 0, 1, 0, 0, 0, 0, 0, 0, 1, 0, 0, 0, 1, 0, 0, 0, 0, 1, 0, 1, 0, 0, 1, 0, 0, 0, 0, 0, 0, 0, 1, 0, 0, 0, 0, 1, 0, 0, 0, 0, 0, 1, 0, 0, 0, 0, 0, 0, 0, 0, 1, 0, 0, 0, 0, 1, 0, 1, 1, 0, 0, 0, 0, 0, 0, 0, 0, 0, 0, 1, 0, 0, 1, 0, 0, 0, 0, 0, 0, 1, 0, 0, 0, 0, 1, 0, 0, 1, 0, 0, 0, 0, 0, 1, 0, 0, 1, 0, 0, 1, 0, 1, 0, 0, 0, 0, 1, 0, 1, 0, 0, 0, 1, 0, 0, 0, 0, 0, 0, 1, 0, 0, 1, 0, 0, 0, 0, 0, 0, 1, 1, 0, 0, 0, 1, 0, 1, 0, 0, 0, 0, 0, 0, 1, 0, 1, 0, 0], 'min_meetings': 19}