Period one
Number of students: 28
Number of girls/boys: 11/17

Event: 1
Group 1: G1, G7, B7, B10, Host: B7
Group 2: G5, G11, B3, B4, B17, Host: B17
Group 3: G6, G8, G9, B12, B14, Host: G9
Group 4: G2, G4, B9, B11, B15, Host: G4
Group 5: G3, G10, B6, B13, Host: G3
Group 6: B1, B2, B5, B8, B16, Host: B8
Event: 2
Group 1: G1, G5, G6, B1, B9, Host: G1
Group 2: G2, G9, B4, B13, B16, Host: B16
Group 3: G7, G10, B8, B14, Host: G10
Group 4: G4, G11, B2, B10, Host: B10
Group 5: G3, G8, B7, B11, B17, Host: G8
Group 6: B3, B5, B6, B12, B15, Host: B3
Event: 3
Group 1: G1, G4, B3, B13, B14, Host: B13
Group 2: G2, G6, G11, B7, B8, Host: G2
Group 3: G8, G10, B4, B5, B9, Host: B4
Group 4: G5, G7, B6, B11, B16, Host: B6
Group 5: G3, G9, B2, B15, Host: G3
Group 6: B1, B10, B12, B17, Host: B17
Event: 4
Group 1: G1, G2, B2, B6, B17, Host: B2
Group 2: G4, G10, B12, B16, Host: B12
Group 3: G7, G11, B9, B13, Host: G7
Group 4: G3, G5, G6, B5, B10, Host: G6
Group 5: G8, G9, B3, B8, B11, Host: B11
Group 6: B1, B4, B7, B14, B15, Host: B15
Event: 5
Group 1: G1, G8, G11, B15, B16, Host: G11
Group 2: G4, G9, B5, B17, Host: G4
Group 3: G6, G10, B2, B4, B11, Host: G10
Group 4: G2, G5, B7, B12, B13, Host: B7
Group 5: G3, G7, B1, B3, Host: B3
Group 6: B6, B8, B9, B10, B14, Host: B14
Event: 6
Group 1: G1, G3, B4, B8, B12, Host: B8
Group 2: G4, G8, B1, B6, Host: B1
Group 3: G2, G11, B5, B11, B14, Host: B5
Group 4: G5, G9, G10, B10, B15, Host: G5
Group 5: G6, G7, B13, B17, Host: B13
Group 6: B2, B3, B7, B9, B16, Host: B9

--------------------------------------------------
The smallest number of meetings a student obtain in the event period: 18
The total number of meetings in the event period: 598
The gap value for the event period: 26.42%
Total solution time for the event period: 3602.09s
--------------------------------------------------
{'temp_x': [0, 3, 4, 3, 1, 2, 0, 2, 2, 4, 1, 5, 5, 1, 1, 5, 4, 0, 5, 3, 0, 3, 2, 4, 2, 3, 5, 1, 0, 1, 4, 3, 0, 0, 2, 4, 1, 2, 3, 0, 3, 5, 1, 5, 5, 4, 2, 0, 3, 4, 5, 1, 2, 5, 1, 4, 0, 1, 4, 0, 3, 1, 3, 2, 4, 2, 1, 5, 4, 0, 2, 2, 3, 1, 1, 2, 5, 3, 5, 0, 0, 4, 3, 5, 0, 0, 3, 1, 3, 3, 2, 4, 4, 1, 2, 5, 0, 4, 5, 3, 0, 5, 4, 2, 3, 4, 1, 2, 5, 5, 1, 0, 0, 3, 4, 1, 3, 2, 4, 0, 1, 2, 0, 4, 2, 4, 2, 1, 5, 3, 5, 5, 5, 2, 3, 3, 5, 0, 0, 1, 0, 2, 0, 1, 3, 4, 4, 1, 3, 3, 2, 1, 5, 5, 0, 2, 1, 5, 0, 5, 3, 2, 0, 4, 2, 3, 5, 4], 'temp_y': [1, 1, 1, 1, 1, 1, 1, 0, 0, 1, 1, 1, 1, 1, 0, 1, 1, 1, 1, 1, 0, 1, 1, 1, 1, 1, 1, 1, 0, 1, 1, 1, 0, 0, 1, 0, 1, 0, 1, 0, 1, 1, 1, 1, 1, 1, 0, 1, 1, 1, 1, 1, 1, 1, 1, 0, 0, 1, 1, 1, 1, 1, 1, 0, 1, 1, 1, 1, 1, 1, 1, 1, 0, 1, 1, 1, 1, 0, 1, 0, 1, 1, 1, 0, 0, 0, 0, 1, 1, 1, 1, 1, 1, 1, 0, 1, 1, 0, 0, 1, 1, 1, 1, 1, 1, 1, 1, 1, 1, 1, 1, 0, 1, 1, 0, 1, 1, 1, 1, 0, 1, 1, 1, 1, 1, 0, 1, 1, 1, 1, 1, 0, 1, 1, 1, 1, 1, 1, 0, 1, 1, 1, 1, 1, 1, 1, 1, 0, 1, 1, 0, 1, 1, 1, 1, 1, 1, 1, 1, 0, 0, 1, 1, 0, 1, 0, 1, 1, 0, 0, 1, 1, 1, 0, 1, 0, 0, 1, 1, 1, 1, 1, 1, 0, 1, 1, 0, 1, 1, 1, 0, 1, 1, 0, 1, 0, 1, 1, 1, 1, 0, 1, 1, 1, 1, 1, 1, 1, 0, 1, 1, 0, 1, 1, 1, 1, 0, 1, 1, 1, 1, 1, 0, 1, 1, 0, 0, 1, 1, 1, 1, 0, 0, 1, 0, 1, 1, 1, 1, 1, 1, 1, 1, 0, 0, 1, 1, 1, 1, 1, 1, 1, 0, 0, 1, 0, 1, 1, 1, 0, 1, 1, 1, 1, 1, 1, 1, 1, 1, 0, 1, 1, 0, 1, 1, 1, 1, 1, 0, 0, 0, 1, 1, 1, 1, 0, 1, 1, 1, 1, 1, 0, 1, 1, 1, 1, 1, 1, 0, 1, 1, 1, 1, 1, 1, 0, 0, 0, 1, 1, 1, 1, 1, 1, 1, 1, 1, 0, 1, 0, 1, 1, 1, 1, 1, 1, 1, 1, 0, 1, 0, 0, 1, 1, 1, 1, 1, 1, 1, 1, 1, 1, 1, 1, 1, 0, 0, 0, 1, 1, 1, 1, 0, 1, 1, 1, 0, 1, 1, 1, 0, 1, 1, 1, 1, 1, 1, 1, 1, 1, 0, 1, 1, 1, 1, 1, 1, 1, 1, 1, 1, 0, 1, 1, 0, 1, 1, 1, 1, 1, 1, 1, 1, 0, 1, 1, 1, 0, 1, 1, 1, 1, 1, 1, 1, 0, 1, 1, 1, 1, 1, 0, 1, 1, 1, 1, 1, 1, 1, 1, 1, 0, 1, 1, 1, 1, 1, 0, 1, 1, 1, 1, 1, 1, 1, 1, 1, 0, 1, 1, 0, 1, 0, 1, 1, 1, 0, 1, 0, 1, 1, 1, 1, 1, 1, 1, 1, 1, 1, 1, 1, 1, 0, 1, 1, 1, 1, 0, 0, 1, 1, 1, 1, 1, 0, 0, 1, 1, 1, 1, 1, 1, 1, 1, 1, 1, 1, 1, 1, 0, 0, 1, 1, 1, 1, 1, 1, 1, 1, 1, 1, 1, 1, 1, 1, 1, 1, 1, 0, 1, 0, 1, 0, 1, 1, 0, 1, 1, 1, 1, 1, 0, 1, 1, 1, 1, 1, 1, 1, 1, 1, 1, 1, 1, 0, 1, 1, 1, 1, 0, 1, 0, 1, 1, 1, 1, 1, 0, 1, 1, 1, 1, 1, 0, 0, 1, 1, 1, 1, 1, 0, 1, 0, 1, 1, 0, 1, 0, 1, 1, 1, 1, 1, 1, 1, 1, 1, 1, 0, 1, 1, 1, 1, 1, 1, 1, 1, 0, 0, 0, 1, 1, 1, 1, 1, 1, 1, 1, 1, 1, 0, 1, 1, 1, 0, 1, 0, 1, 1, 1, 1, 1, 1, 0, 1, 0, 1, 1, 1, 1, 1, 1, 1, 1, 1, 1, 1, 1, 0, 1, 1, 1, 0, 0, 1, 1, 0, 1, 1, 0, 1, 0, 0, 1, 1, 0, 1, 1, 1, 1, 0, 1, 0, 1, 1, 1, 1, 1, 1, 1, 0, 1, 1, 1, 1, 1, 1, 1, 1, 1, 1, 1, 1, 0, 0, 1, 1, 1, 1, 1, 0, 0, 1, 1, 1, 1, 1, 1, 1, 1, 1, 1, 1, 0, 1, 1, 1, 1, 0, 1, 1, 0, 1, 1, 0, 1, 1, 0, 1, 1, 1, 1, 1, 1, 1, 1, 1, 1, 1, 1, 1, 1, 0, 1, 1, 1, 0, 1, 0, 1, 1, 1, 1, 1, 1, 1, 1, 1, 0, 1, 1, 1, 1, 1, 1, 1, 1, 0, 0, 1, 1, 1, 1, 0, 0, 0], 'temp_z': [1, 1, 1, 1, 1, 1, 0, 1, 1, 1, 1, 1, 1, 0, 1, 1, 1, 1, 1, 1, 0, 1, 1, 1, 1, 1, 1, 0, 1, 1, 1, 1, 1, 1, 0, 1, 1, 1, 1, 1, 1, 0], 'temp_host': [0, 1, 0, 0, 0, 0, 0, 0, 1, 0, 0, 0, 1, 0, 1, 0, 0, 0, 1, 0, 0, 0, 1, 0, 0, 0, 0, 0, 0, 1, 0, 0, 0, 1, 0, 0, 0, 0, 0, 1, 0, 0, 0, 1, 0, 0, 0, 0, 1, 0, 0, 0, 0, 0, 0, 1, 0, 0, 1, 0, 0, 0, 0, 0, 1, 0, 0, 0, 0, 0, 0, 1, 0, 0, 0, 1, 0, 0, 0, 1, 0, 0, 1, 0, 0, 0, 1, 0, 0, 0, 0, 0, 0, 0, 0, 1, 0, 0, 1, 0, 0, 0, 1, 0, 0, 0, 1, 0, 1, 0, 0, 0, 0, 1, 0, 0, 0, 0, 0, 1, 0, 1, 0, 0, 0, 0, 0, 0, 0, 1, 0, 0, 0, 0, 0, 1, 0, 0, 0, 0, 1, 0, 0, 1, 0, 0, 0, 0, 1, 0, 0, 0, 0, 1, 0, 0, 0, 1, 0, 0, 0, 0, 1, 0, 1, 0, 0, 0], 'min_meetings': 18}