Period one
Number of students: 28
Number of girls/boys: 4/24

Event: 1
Group 1: G1, G2, B8, B15, B21, Host: B15
Group 2: G3, G4, B12, B16, Host: G4
Group 3: B5, B9, B10, B19, B20, Host: B5
Group 4: B1, B13, B17, B23, Host: B17
Group 5: B2, B3, B11, B14, B24, Host: B24
Group 6: B4, B6, B7, B18, B22, Host: B22
Event: 2
Group 1: G1, G3, B9, B11, B13, Host: B11
Group 2: G2, G4, B22, B23, Host: B23
Group 3: B3, B7, B15, B16, B20, Host: B3
Group 4: B1, B2, B5, B18, B21, Host: B1
Group 5: B6, B8, B19, B24, Host: B19
Group 6: B4, B10, B12, B14, B17, Host: B12
Event: 3
Group 1: G1, G4, B1, B8, B10, Host: B10
Group 2: G2, G3, B12, B20, B24, Host: G3
Group 3: B7, B19, B21, B22, Host: B21
Group 4: B3, B4, B5, B13, Host: B13
Group 5: B2, B6, B11, B16, B17, Host: B2
Group 6: B9, B14, B15, B18, B23, Host: B14
Event: 4
Group 1: G1, G3, B2, B22, Host: B22
Group 2: G2, G4, B7, B9, B17, Host: B7
Group 3: B3, B8, B12, B18, Host: B18
Group 4: B6, B13, B14, B20, B21, Host: B20
Group 5: B5, B10, B16, B23, B24, Host: B23
Group 6: B1, B4, B11, B15, B19, Host: B4
Event: 5
Group 1: G1, G2, B5, B14, Host: G2
Group 2: G3, G4, B6, B15, Host: B15
Group 3: B1, B2, B9, B24, Host: B9
Group 4: B4, B8, B20, B23, Host: B8
Group 5: B13, B16, B18, B19, Host: B16
Group 6: B7, B11, B12, B21, Host: B12
Group 7: B3, B10, B17, B22, Host: B17
Event: 6
Group 1: G1, G4, B11, B18, B20, Host: G1
Group 2: G2, G3, B1, B3, B19, Host: B3
Group 3: B2, B7, B10, B13, B15, Host: B7
Group 4: B8, B9, B14, B16, B22, Host: B22
Group 5: B5, B6, B12, B23, Host: B6
Group 6: B4, B17, B21, B24, Host: B24

--------------------------------------------------
The smallest number of meetings a student obtain in the event period: 17
The total number of meetings in the event period: 562
The gap value for the event period: 34.52%
Total solution time for the event period: 3602.06s
--------------------------------------------------
{'temp_x': [0, 0, 1, 1, 3, 4, 4, 5, 2, 5, 5, 0, 2, 2, 4, 1, 3, 4, 0, 1, 3, 5, 2, 2, 0, 5, 3, 4, 0, 1, 0, 1, 3, 3, 2, 5, 3, 4, 2, 4, 0, 5, 0, 5, 0, 5, 2, 2, 5, 3, 4, 2, 3, 1, 1, 4, 0, 1, 1, 0, 0, 4, 3, 3, 3, 4, 2, 0, 5, 0, 4, 1, 3, 5, 5, 4, 4, 5, 2, 1, 2, 2, 5, 1, 0, 1, 0, 1, 5, 0, 2, 5, 4, 3, 1, 2, 1, 4, 5, 2, 3, 3, 5, 4, 1, 2, 5, 3, 3, 0, 4, 4, 0, 0, 1, 1, 2, 2, 6, 3, 0, 1, 5, 3, 2, 6, 5, 5, 4, 0, 1, 4, 6, 4, 4, 3, 5, 6, 3, 2, 0, 1, 1, 0, 1, 2, 1, 5, 4, 4, 2, 3, 3, 2, 0, 4, 2, 3, 2, 3, 5, 0, 1, 0, 5, 3, 4, 5], 'temp_y': [1, 1, 1, 1, 1, 0, 0, 1, 0, 0, 1, 1, 1, 1, 0, 1, 1, 1, 0, 0, 1, 0, 1, 1, 1, 0, 0, 1, 1, 1, 1, 0, 1, 0, 1, 0, 1, 1, 1, 0, 0, 1, 0, 1, 1, 0, 1, 0, 1, 1, 1, 1, 1, 1, 1, 1, 1, 1, 1, 1, 0, 0, 1, 0, 0, 1, 0, 1, 1, 1, 0, 1, 1, 0, 0, 1, 1, 0, 1, 0, 1, 1, 1, 1, 1, 0, 0, 0, 0, 1, 1, 1, 1, 1, 1, 1, 0, 0, 1, 1, 1, 1, 0, 1, 0, 1, 1, 0, 1, 1, 1, 1, 1, 1, 1, 1, 0, 0, 1, 1, 1, 1, 0, 1, 0, 1, 0, 1, 1, 1, 0, 1, 0, 1, 1, 1, 0, 1, 0, 1, 1, 0, 1, 1, 1, 0, 1, 1, 1, 0, 1, 1, 1, 1, 1, 1, 0, 0, 1, 1, 0, 1, 0, 1, 1, 0, 1, 1, 1, 1, 0, 1, 1, 0, 1, 1, 1, 1, 1, 1, 1, 1, 1, 1, 1, 0, 1, 0, 1, 0, 0, 0, 0, 1, 0, 1, 1, 1, 1, 1, 0, 1, 1, 1, 1, 1, 1, 0, 1, 1, 1, 1, 1, 1, 1, 1, 1, 1, 0, 0, 1, 1, 1, 1, 1, 0, 0, 1, 1, 0, 1, 1, 1, 0, 1, 0, 1, 1, 1, 1, 0, 1, 1, 0, 0, 1, 1, 0, 1, 0, 1, 1, 1, 1, 0, 0, 1, 1, 1, 1, 1, 1, 1, 1, 1, 1, 1, 1, 1, 1, 0, 1, 0, 1, 0, 1, 1, 1, 0, 1, 0, 1, 1, 1, 1, 1, 0, 1, 1, 1, 1, 1, 1, 1, 1, 0, 0, 1, 1, 0, 1, 1, 0, 1, 1, 0, 1, 0, 1, 1, 0, 1, 0, 1, 1, 1, 0, 1, 1, 1, 1, 1, 1, 1, 1, 1, 1, 1, 1, 1, 0, 0, 1, 0, 1, 1, 1, 1, 0, 1, 1, 1, 1, 1, 1, 1, 1, 0, 1, 1, 1, 1, 0, 0, 1, 1, 1, 1, 1, 1, 0, 1, 1, 1, 0, 1, 1, 1, 1, 1, 1, 0, 1, 1, 0, 1, 1, 1, 1, 0, 1, 1, 1, 1, 1, 1, 0, 1, 1, 0, 1, 0, 1, 1, 1, 1, 1, 1, 1, 1, 1, 1, 0, 0, 1, 0, 1, 1, 1, 0, 0, 1, 1, 1, 1, 1, 1, 0, 1, 1, 0, 1, 0, 1, 1, 1, 0, 1, 1, 0, 1, 1, 1, 0, 1, 0, 1, 1, 1, 1, 1, 1, 1, 0, 1, 1, 1, 0, 1, 1, 1, 1, 1, 1, 1, 1, 0, 1, 0, 1, 1, 0, 0, 0, 1, 1, 1, 1, 1, 0, 1, 1, 1, 1, 1, 1, 1, 1, 1, 1, 0, 1, 1, 1, 1, 1, 1, 1, 1, 1, 1, 1, 1, 1, 0, 1, 1, 1, 1, 1, 1, 0, 1, 1, 1, 0, 1, 1, 1, 1, 0, 1, 0, 0, 0, 1, 1, 0, 1, 1, 0, 1, 1, 1, 1, 1, 1, 1, 1, 1, 1, 1, 1, 1, 1, 1, 0, 1, 1, 1, 0, 1, 0, 1, 1, 1, 1, 1, 0, 1, 1, 0, 1, 1, 1, 1, 1, 1, 0, 1, 0, 0, 0, 1, 1, 1, 1, 1, 0, 0, 1, 1, 1, 1, 1, 1, 1, 1, 1, 1, 0, 1, 1, 1, 1, 1, 1, 0, 1, 1, 1, 1, 1, 0, 0, 1, 1, 0, 1, 0, 1, 1, 1, 1, 1, 1, 1, 1, 1, 0, 1, 0, 1, 1, 0, 1, 1, 1, 1, 0, 1, 1, 1, 1, 1, 0, 0, 1, 1, 1, 1, 1, 1, 1, 1, 1, 1, 1, 1, 1, 1, 0, 1, 1, 1, 0, 1, 1, 1, 1, 0, 0, 1, 1, 0, 1, 1, 1, 1, 1, 0, 0, 1, 1, 1, 1, 1, 0, 1, 1, 1, 1, 1, 0, 1, 1, 1, 1, 1, 0, 1, 1, 1, 0, 1, 1, 1, 1, 1, 0, 0, 0, 1, 0, 1, 1, 1, 1, 0, 1, 1, 0, 0, 1, 0, 1, 1, 0, 0, 1, 1, 1, 0, 1, 1, 1, 0, 1, 1, 1, 1, 1, 1, 1, 0, 1, 0, 1, 1, 0, 1, 1, 0, 1, 1, 1, 1, 1, 1, 0, 1, 1, 1, 1, 1, 0, 1, 0, 1, 1, 0, 1, 1, 1, 0, 1], 'temp_z': [1, 1, 1, 1, 1, 1, 0, 1, 1, 1, 1, 1, 1, 0, 1, 1, 1, 1, 1, 1, 0, 1, 1, 1, 1, 1, 1, 0, 1, 1, 1, 1, 1, 1, 1, 1, 1, 1, 1, 1, 1, 0], 'temp_host': [0, 0, 0, 0, 0, 1, 0, 0, 0, 0, 1, 0, 0, 0, 1, 0, 0, 0, 1, 0, 0, 0, 0, 0, 0, 1, 0, 0, 0, 0, 0, 0, 1, 0, 0, 0, 0, 1, 0, 0, 0, 1, 0, 0, 0, 1, 0, 0, 1, 0, 0, 0, 0, 0, 0, 0, 0, 0, 0, 1, 0, 0, 0, 1, 0, 1, 0, 0, 0, 0, 1, 0, 0, 0, 0, 0, 1, 0, 0, 0, 1, 0, 0, 0, 0, 1, 0, 0, 0, 0, 0, 1, 0, 0, 1, 0, 0, 0, 1, 0, 0, 0, 0, 0, 1, 0, 0, 0, 1, 0, 0, 0, 1, 0, 0, 0, 0, 0, 1, 0, 1, 0, 0, 0, 1, 0, 0, 0, 0, 1, 0, 0, 0, 1, 0, 0, 0, 0, 0, 0, 0, 1, 0, 0, 0, 0, 1, 0, 0, 0, 1, 0, 0, 1, 0, 1, 0, 1, 0, 1, 0, 0, 1, 0, 0, 0, 0, 1], 'min_meetings': 17}