Period one
Number of students: 28
Number of girls/boys: 6/22

Event: 1
Group 1: G1, G4, B4, B13, B14, Host: G1
Group 2: G3, G5, B8, B9, B19, Host: B9
Group 3: G2, G6, B12, B15, B16, Host: B16
Group 4: B3, B7, B10, B18, Host: B10
Group 5: B5, B17, B20, B21, B22, Host: B21
Group 6: B1, B2, B6, B11, Host: B1
Event: 2
Group 1: G1, G6, B2, B5, B8, Host: G6
Group 2: G3, G4, B11, B18, Host: G4
Group 3: G2, G5, B3, B14, B17, Host: G5
Group 4: B1, B13, B16, B19, B20, Host: B19
Group 5: B4, B6, B10, B12, B22, Host: B4
Group 6: B7, B9, B15, B21, Host: B15
Event: 3
Group 1: G1, G3, B6, B7, B17, Host: B17
Group 2: G5, G6, B11, B16, B21, Host: B11
Group 3: G2, G4, B8, B19, B22, Host: B8
Group 4: B5, B12, B13, B18, Host: B13
Group 5: B2, B3, B4, B15, B20, Host: B2
Group 6: B1, B9, B10, B14, Host: B14
Event: 4
Group 1: G1, G5, B1, B18, B22, Host: B18
Group 2: G2, G3, B3, B13, B21, Host: B3
Group 3: G4, G6, B6, B9, B20, Host: G6
Group 4: B4, B5, B7, B11, B19, Host: B4
Group 5: B8, B12, B14, B15, Host: B15
Group 6: B2, B10, B16, B17, Host: B16
Event: 5
Group 1: G1, G6, B3, B19, Host: G1
Group 2: G3, G5, B10, B20, Host: B20
Group 3: G2, G4, B1, B5, B15, Host: B5
Group 4: B4, B6, B8, B16, B21, Host: B6
Group 5: B9, B11, B12, B17, B18, Host: B12
Group 6: B2, B7, B13, B14, B22, Host: B7
Event: 6
Group 1: G1, G2, B7, B20, Host: G2
Group 2: G4, G5, B2, B12, B21, Host: G4
Group 3: G3, G6, B1, B4, B17, Host: G3
Group 4: B3, B5, B9, B16, B22, Host: B22
Group 5: B8, B10, B11, B13, B15, Host: B10
Group 6: B6, B14, B18, B19, Host: B18

--------------------------------------------------
The smallest number of meetings a student obtain in the event period: 18
The total number of meetings in the event period: 588
The gap value for the event period: 28.57%
Total solution time for the event period: 3602.98s
--------------------------------------------------
{'temp_x': [0, 2, 1, 0, 1, 2, 5, 5, 3, 0, 4, 5, 3, 1, 1, 3, 5, 2, 0, 0, 2, 2, 4, 3, 1, 4, 4, 4, 0, 2, 1, 1, 2, 0, 3, 0, 2, 4, 0, 4, 5, 0, 5, 4, 1, 4, 3, 2, 5, 3, 2, 1, 3, 3, 5, 4, 0, 2, 0, 2, 1, 1, 5, 4, 4, 4, 3, 0, 0, 2, 5, 5, 1, 3, 3, 5, 4, 1, 0, 3, 2, 4, 1, 2, 0, 1, 1, 2, 0, 2, 0, 5, 1, 3, 3, 2, 3, 4, 2, 5, 3, 4, 1, 4, 4, 5, 5, 0, 3, 2, 1, 0, 0, 2, 1, 2, 1, 0, 2, 5, 0, 3, 2, 3, 5, 3, 4, 1, 4, 4, 5, 5, 2, 3, 4, 4, 0, 1, 3, 5, 0, 0, 2, 1, 1, 2, 2, 1, 3, 2, 3, 5, 0, 4, 3, 4, 4, 1, 4, 5, 4, 3, 2, 5, 5, 0, 1, 3], 'temp_y': [1, 1, 1, 1, 1, 1, 1, 1, 1, 1, 1, 1, 1, 0, 0, 0, 0, 1, 1, 0, 0, 1, 1, 1, 1, 0, 1, 1, 1, 1, 1, 1, 1, 0, 1, 0, 1, 0, 1, 1, 0, 0, 0, 1, 1, 1, 1, 1, 1, 0, 1, 1, 1, 1, 1, 1, 1, 1, 1, 1, 0, 1, 1, 0, 1, 1, 1, 1, 1, 1, 0, 1, 0, 0, 0, 1, 1, 1, 1, 1, 0, 1, 1, 1, 1, 1, 1, 1, 0, 1, 1, 1, 0, 1, 1, 0, 1, 1, 1, 1, 1, 0, 0, 1, 1, 1, 1, 1, 1, 1, 1, 1, 1, 1, 1, 1, 0, 0, 0, 0, 1, 1, 1, 1, 1, 0, 1, 0, 1, 1, 1, 1, 1, 1, 1, 1, 1, 1, 1, 1, 1, 1, 1, 1, 1, 1, 0, 1, 1, 0, 1, 1, 0, 0, 1, 1, 1, 0, 1, 1, 1, 0, 1, 1, 1, 1, 1, 1, 1, 0, 1, 1, 1, 0, 0, 1, 1, 1, 0, 1, 1, 1, 1, 1, 1, 1, 1, 0, 1, 1, 0, 0, 1, 1, 1, 1, 1, 1, 1, 1, 1, 1, 0, 1, 1, 1, 1, 1, 1, 1, 1, 0, 0, 1, 1, 1, 1, 1, 1, 0, 1, 1, 0, 1, 1, 1, 0, 1, 0, 1, 1, 0, 0, 1, 1, 1, 1, 1, 1, 1, 1, 1, 1, 1, 0, 1, 1, 0, 1, 1, 1, 1, 1, 1, 1, 1, 0, 1, 1, 1, 1, 1, 1, 1, 1, 0, 1, 1, 1, 1, 1, 1, 0, 1, 0, 1, 1, 1, 1, 1, 0, 1, 1, 1, 0, 1, 1, 1, 0, 1, 1, 1, 1, 1, 1, 1, 1, 1, 0, 1, 1, 0, 1, 1, 1, 0, 1, 0, 1, 1, 1, 1, 1, 1, 0, 1, 0, 1, 1, 1, 1, 1, 1, 1, 1, 1, 1, 0, 0, 0, 0, 1, 1, 1, 1, 1, 0, 1, 1, 1, 0, 1, 1, 1, 0, 1, 1, 1, 1, 1, 1, 1, 1, 1, 1, 1, 1, 0, 1, 0, 1, 1, 1, 0, 1, 1, 1, 1, 1, 1, 1, 1, 0, 0, 1, 0, 1, 1, 0, 0, 1, 1, 1, 1, 1, 0, 1, 0, 1, 1, 1, 1, 1, 1, 1, 0, 1, 1, 1, 1, 1, 1, 1, 1, 1, 0, 0, 1, 0, 1, 0, 1, 1, 1, 1, 0, 1, 1, 1, 1, 1, 1, 1, 1, 1, 1, 1, 1, 0, 1, 0, 1, 0, 0, 1, 1, 1, 1, 1, 1, 0, 1, 1, 1, 1, 1, 1, 1, 1, 1, 0, 1, 1, 1, 1, 1, 0, 1, 0, 0, 1, 0, 1, 1, 1, 0, 1, 0, 1, 1, 1, 0, 1, 1, 1, 1, 1, 1, 1, 1, 1, 1, 0, 0, 1, 1, 1, 1, 1, 1, 0, 0, 1, 1, 1, 1, 1, 0, 1, 1, 0, 1, 1, 1, 1, 1, 1, 0, 1, 1, 1, 1, 1, 1, 1, 0, 1, 1, 0, 1, 1, 1, 1, 0, 1, 1, 1, 1, 1, 0, 1, 1, 1, 0, 1, 1, 1, 0, 0, 1, 0, 1, 0, 1, 0, 1, 1, 1, 1, 1, 1, 0, 1, 1, 1, 1, 1, 1, 1, 1, 1, 0, 0, 0, 1, 1, 0, 0, 1, 0, 0, 1, 1, 1, 1, 1, 1, 1, 1, 0, 1, 1, 1, 1, 1, 1, 0, 1, 1, 0, 1, 1, 1, 1, 1, 1, 1, 0, 1, 1, 1, 1, 1, 1, 1, 1, 1, 0, 1, 1, 1, 1, 0, 1, 0, 1, 1, 0, 1, 1, 1, 1, 0, 1, 1, 1, 0, 1, 0, 1, 0, 1, 1, 1, 0, 1, 1, 1, 1, 1, 1, 0, 0, 1, 1, 0, 0, 1, 1, 1, 1, 1, 1, 1, 1, 0, 1, 1, 1, 1, 1, 1, 1, 0, 1, 0, 1, 1, 0, 1, 0, 1, 1, 0, 1, 1, 1, 1, 1, 1, 1, 1, 1, 1, 1, 1, 1, 1, 0, 1, 1, 0, 0, 1, 0, 1, 1, 1, 0, 1, 1, 1, 0, 1, 1, 1, 1, 1, 0, 1, 1, 1, 1, 1, 1, 1, 1, 0, 1, 1, 1, 0, 1, 1, 1, 0, 0, 1, 1, 1, 1, 0, 1, 1, 0, 1, 1, 1, 1, 1, 1, 1, 1, 1, 1, 0, 1, 1, 1, 0, 1, 1, 1, 1, 1, 1], 'temp_z': [1, 1, 1, 1, 1, 1, 0, 1, 1, 1, 1, 1, 1, 0, 1, 1, 1, 1, 1, 1, 0, 1, 1, 1, 1, 1, 1, 0, 1, 1, 1, 1, 1, 1, 0, 1, 1, 1, 1, 1, 1, 0], 'temp_host': [1, 0, 0, 0, 1, 0, 0, 0, 0, 0, 0, 1, 0, 0, 0, 0, 0, 1, 0, 1, 0, 0, 0, 1, 0, 1, 0, 0, 0, 0, 0, 1, 0, 1, 0, 0, 1, 0, 0, 0, 0, 0, 0, 0, 1, 0, 0, 0, 0, 0, 0, 1, 0, 0, 0, 1, 0, 1, 0, 0, 0, 0, 0, 0, 1, 0, 0, 0, 0, 0, 1, 0, 0, 0, 0, 0, 1, 0, 0, 0, 1, 0, 0, 0, 1, 0, 0, 0, 0, 0, 1, 0, 0, 0, 0, 1, 0, 0, 1, 0, 0, 0, 0, 0, 0, 0, 1, 0, 0, 0, 1, 0, 0, 0, 0, 0, 1, 0, 0, 0, 0, 1, 0, 1, 0, 0, 1, 0, 0, 1, 0, 0, 0, 0, 1, 0, 0, 0, 0, 0, 0, 1, 0, 1, 0, 1, 0, 0, 0, 0, 0, 0, 0, 0, 1, 0, 1, 0, 0, 0, 0, 0, 0, 0, 0, 0, 0, 1], 'min_meetings': 18}