Period one
Number of students: 28
Number of girls/boys: 7/21

Event: 1
Group 1: G1, G2, G6, B11, B14, Host: G6
Group 2: G3, G7, B8, B10, B21, Host: B21
Group 3: G4, G5, B9, B17, Host: B9
Group 4: B1, B4, B5, B16, Host: B16
Group 5: B2, B3, B13, B19, B20, Host: B3
Group 6: B6, B7, B12, B15, B18, Host: B6
Event: 2
Group 1: G1, G3, G4, B4, B18, Host: G1
Group 2: G2, G7, B12, B17, B20, Host: G7
Group 3: G5, G6, B10, B16, B19, Host: B10
Group 4: B6, B8, B13, B14, Host: B13
Group 5: B2, B5, B7, B11, B21, Host: B2
Group 6: B1, B3, B9, B15, Host: B1
Event: 3
Group 1: G1, G2, B5, B15, Host: B5
Group 2: G4, G5, G7, B3, B6, Host: G5
Group 3: G3, G6, B1, B7, B13, Host: G3
Group 4: B2, B4, B10, B17, Host: B17
Group 5: B8, B9, B11, B12, B19, Host: B19
Group 6: B14, B16, B18, B20, B21, Host: B20
Event: 4
Group 1: G1, G3, G5, B2, B12, Host: B12
Group 2: G2, G4, B7, B10, B14, Host: B10
Group 3: G6, G7, B4, B9, B18, Host: B4
Group 4: B11, B13, B15, B16, B17, Host: B16
Group 5: B3, B5, B8, B20, Host: B8
Group 6: B1, B6, B19, B21, Host: B21
Event: 5
Group 1: G1, G7, B7, B16, B19, Host: B7
Group 2: G4, G5, G6, B5, B15, Host: B15
Group 3: G2, G3, B9, B13, B21, Host: B13
Group 4: B3, B4, B12, B14, Host: B14
Group 5: B6, B10, B11, B20, Host: B11
Group 6: B1, B2, B8, B17, B18, Host: B18
Event: 6
Group 1: G1, G6, B3, B17, B21, Host: B3
Group 2: G2, G5, B4, B7, B8, Host: G2
Group 3: G3, G4, G7, B1, B11, Host: G4
Group 4: B5, B10, B12, B13, B18, Host: B5
Group 5: B14, B15, B19, B20, Host: B19
Group 6: B2, B6, B9, B16, Host: B9

--------------------------------------------------
The smallest number of meetings a student obtain in the event period: 18
The total number of meetings in the event period: 580
The gap value for the event period: 30.34%
Total solution time for the event period: 3601.95s
--------------------------------------------------
{'temp_x': [0, 0, 1, 2, 2, 0, 1, 3, 4, 4, 3, 3, 5, 5, 1, 2, 1, 0, 5, 4, 0, 5, 3, 2, 5, 4, 4, 1, 0, 1, 0, 0, 2, 2, 1, 5, 4, 5, 0, 4, 3, 4, 3, 5, 2, 4, 1, 3, 3, 5, 2, 1, 0, 2, 1, 4, 0, 0, 2, 1, 1, 2, 1, 2, 3, 1, 3, 0, 1, 2, 4, 4, 3, 4, 4, 2, 5, 0, 5, 3, 5, 4, 5, 5, 0, 1, 0, 1, 0, 2, 2, 5, 0, 4, 2, 4, 5, 1, 4, 2, 1, 3, 0, 3, 1, 3, 3, 3, 2, 5, 4, 5, 0, 2, 2, 1, 1, 1, 0, 5, 5, 3, 3, 1, 4, 0, 5, 2, 4, 4, 3, 2, 3, 1, 0, 5, 5, 0, 4, 2, 0, 1, 2, 2, 1, 0, 2, 2, 5, 0, 1, 3, 5, 1, 1, 5, 3, 2, 3, 3, 4, 4, 5, 0, 3, 4, 4, 0], 'temp_y': [1, 1, 1, 1, 1, 1, 0, 1, 1, 1, 1, 0, 1, 0, 0, 0, 1, 1, 0, 1, 1, 1, 1, 1, 1, 0, 1, 1, 1, 1, 1, 1, 1, 0, 0, 0, 1, 1, 0, 1, 1, 1, 1, 1, 1, 1, 1, 1, 0, 1, 0, 0, 1, 1, 1, 1, 1, 1, 1, 1, 1, 1, 0, 1, 0, 0, 1, 1, 1, 1, 1, 1, 1, 0, 0, 0, 0, 1, 0, 0, 1, 1, 1, 1, 1, 1, 1, 1, 0, 1, 1, 1, 1, 1, 0, 1, 1, 1, 0, 0, 1, 1, 0, 1, 1, 0, 0, 0, 1, 1, 1, 1, 1, 1, 0, 1, 1, 1, 1, 1, 1, 1, 1, 1, 0, 1, 0, 0, 1, 1, 1, 0, 1, 0, 0, 1, 1, 1, 1, 1, 1, 1, 0, 1, 1, 1, 0, 1, 0, 1, 1, 1, 0, 1, 1, 1, 1, 1, 1, 1, 0, 1, 1, 1, 1, 1, 1, 1, 1, 0, 1, 1, 0, 1, 1, 1, 1, 1, 1, 1, 0, 0, 0, 1, 1, 1, 1, 1, 1, 0, 0, 1, 1, 0, 1, 1, 1, 1, 1, 1, 1, 1, 1, 1, 0, 1, 0, 1, 0, 1, 1, 1, 1, 1, 0, 1, 1, 0, 1, 0, 1, 0, 0, 1, 1, 1, 1, 1, 1, 1, 1, 1, 1, 1, 1, 0, 0, 1, 1, 1, 1, 1, 1, 1, 0, 0, 1, 1, 1, 1, 1, 1, 1, 1, 1, 0, 1, 1, 0, 0, 1, 1, 1, 1, 0, 1, 0, 1, 1, 1, 1, 1, 1, 1, 1, 1, 1, 1, 1, 1, 1, 0, 1, 1, 1, 1, 0, 1, 0, 1, 0, 1, 1, 1, 0, 0, 0, 1, 1, 0, 1, 1, 1, 0, 1, 1, 1, 1, 0, 1, 1, 0, 1, 1, 1, 1, 0, 1, 1, 0, 1, 0, 1, 1, 0, 0, 0, 1, 1, 0, 1, 1, 1, 1, 0, 0, 1, 1, 1, 1, 1, 1, 1, 1, 1, 1, 0, 1, 1, 1, 1, 1, 1, 1, 1, 1, 1, 1, 1, 1, 0, 1, 1, 1, 1, 0, 1, 1, 1, 1, 1, 1, 1, 0, 1, 1, 0, 1, 0, 1, 1, 0, 1, 0, 1, 1, 1, 1, 1, 1, 1, 1, 1, 1, 1, 1, 1, 1, 0, 0, 1, 1, 1, 1, 1, 0, 1, 1, 1, 1, 1, 1, 1, 1, 1, 1, 0, 1, 0, 1, 0, 1, 1, 1, 0, 1, 1, 1, 1, 1, 0, 1, 0, 1, 1, 1, 1, 1, 1, 0, 1, 0, 1, 1, 1, 1, 1, 0, 1, 1, 1, 1, 0, 1, 1, 1, 1, 1, 1, 1, 1, 1, 1, 0, 1, 1, 1, 1, 0, 0, 1, 1, 1, 1, 1, 1, 1, 1, 1, 1, 1, 1, 0, 1, 1, 1, 1, 1, 1, 0, 1, 0, 1, 0, 1, 1, 1, 1, 1, 1, 1, 1, 1, 1, 1, 1, 1, 0, 1, 1, 1, 1, 0, 0, 1, 1, 0, 0, 1, 0, 1, 1, 1, 0, 1, 1, 1, 1, 1, 1, 1, 1, 1, 1, 1, 1, 1, 1, 1, 1, 1, 1, 0, 1, 0, 1, 0, 0, 0, 1, 1, 0, 1, 1, 1, 0, 1, 1, 1, 1, 1, 1, 0, 1, 1, 1, 1, 1, 1, 0, 1, 1, 1, 0, 1, 0, 1, 0, 1, 1, 1, 0, 1, 0, 1, 1, 1, 1, 1, 1, 1, 1, 1, 0, 1, 0, 0, 0, 1, 1, 1, 1, 1, 0, 1, 1, 1, 1, 0, 1, 1, 1, 0, 1, 1, 1, 1, 1, 1, 1, 1, 1, 1, 0, 1, 1, 1, 1, 1, 1, 1, 1, 0, 0, 0, 1, 1, 1, 1, 1, 1, 0, 1, 1, 1, 0, 1, 1, 1, 0, 1, 1, 0, 1, 1, 1, 1, 0, 1, 1, 1, 1, 1, 1, 1, 0, 1, 1, 1, 1, 1, 1, 0, 1, 1, 1, 0, 0, 0, 1, 1, 1, 1, 1, 1, 0, 0, 1, 1, 1, 1, 1, 1, 1, 1, 1, 1, 1, 0, 0, 1, 1, 0, 1, 0, 0, 0, 0, 1, 0, 1, 1, 0, 1, 1, 0, 1, 0, 1, 1, 1, 1, 1, 1, 1, 1, 1, 1, 1, 1, 1, 1, 0, 0, 1, 1, 1, 1, 1, 0, 1, 1, 1, 1, 1, 1, 1, 0, 1, 1, 0, 1, 1, 1, 1, 1], 'temp_z': [1, 1, 1, 1, 1, 1, 0, 1, 1, 1, 1, 1, 1, 0, 1, 1, 1, 1, 1, 1, 0, 1, 1, 1, 1, 1, 1, 0, 1, 1, 1, 1, 1, 1, 0, 1, 1, 1, 1, 1, 1, 0], 'temp_host': [0, 1, 0, 0, 0, 0, 0, 0, 0, 0, 0, 1, 0, 0, 1, 0, 0, 0, 0, 0, 0, 0, 0, 1, 0, 0, 1, 0, 0, 0, 1, 0, 0, 0, 0, 0, 0, 1, 0, 0, 0, 0, 0, 1, 0, 0, 0, 0, 0, 1, 0, 0, 0, 0, 1, 0, 0, 0, 0, 1, 0, 0, 0, 1, 0, 0, 0, 0, 1, 0, 0, 1, 1, 0, 0, 0, 0, 0, 0, 0, 0, 0, 1, 0, 0, 0, 0, 1, 0, 0, 1, 0, 0, 0, 0, 1, 0, 1, 0, 1, 0, 0, 0, 0, 0, 0, 1, 0, 0, 0, 0, 1, 0, 0, 0, 1, 0, 0, 1, 0, 0, 0, 0, 0, 1, 0, 0, 0, 0, 0, 1, 0, 1, 0, 0, 1, 0, 0, 0, 0, 1, 0, 0, 0, 0, 0, 0, 0, 1, 0, 0, 0, 1, 0, 0, 1, 0, 0, 1, 0, 0, 0, 1, 0, 0, 1, 0, 0], 'min_meetings': 18}