Period one
Number of students: 28
Number of girls/boys: 8/20

Event: 1
Group 1: G1, G2, B3, B8, B20, Host: B8
Group 2: G3, G5, B6, B7, B12, Host: B12
Group 3: G4, G7, B5, B11, B15, Host: G7
Group 4: G6, G8, B1, B18, B19, Host: B1
Group 5: B2, B4, B9, B16, Host: B4
Group 6: B10, B13, B14, B17, Host: B14
Event: 2
Group 1: G1, G7, B4, B7, B18, Host: B7
Group 2: G2, G5, B10, B19, Host: G2
Group 3: G3, G8, B9, B11, Host: B9
Group 4: G4, G6, B3, B12, B17, Host: G4
Group 5: B6, B8, B14, B15, B16, Host: B15
Group 6: B1, B2, B5, B13, B20, Host: B5
Event: 3
Group 1: G1, G4, B1, B6, B10, Host: B10
Group 2: G3, G6, B14, B20, Host: B20
Group 3: G2, G8, B3, B4, B5, Host: G8
Group 4: G5, G7, B2, B15, B17, Host: B17
Group 5: B11, B12, B16, B18, Host: B11
Group 6: B7, B8, B9, B13, B19, Host: B19
Event: 4
Group 1: G1, G5, B5, B9, B12, Host: B9
Group 2: G4, G8, B7, B16, B20, Host: B16
Group 3: G2, G3, B1, B8, B17, Host: G3
Group 4: G6, G7, B6, B13, Host: G7
Group 5: B4, B10, B15, B18, Host: B4
Group 6: B2, B3, B11, B14, B19, Host: B14
Event: 5
Group 1: G1, G6, B7, B11, B17, Host: G6
Group 2: G2, G4, B2, B6, B9, Host: B6
Group 3: G5, G7, B3, B10, B16, Host: G5
Group 4: G3, G8, B13, B15, Host: G8
Group 5: B1, B4, B12, B19, B20, Host: B12
Group 6: B5, B8, B14, B18, Host: B5
Event: 6
Group 1: G1, G3, B5, B16, B19, Host: G1
Group 2: G2, G7, B12, B14, Host: G7
Group 3: G4, G5, B4, B11, B13, Host: B13
Group 4: G6, G8, B2, B8, B10, Host: B2
Group 5: B1, B3, B7, B9, B15, Host: B3
Group 6: B6, B17, B18, B20, Host: B18

--------------------------------------------------
The smallest number of meetings a student obtain in the event period: 19
The total number of meetings in the event period: 586
The gap value for the event period: 29.01%
Total solution time for the event period: 3603.11s
--------------------------------------------------
{'temp_x': [0, 0, 1, 2, 1, 3, 2, 3, 3, 4, 0, 4, 2, 1, 1, 0, 4, 5, 2, 1, 5, 5, 2, 4, 5, 3, 3, 0, 0, 1, 2, 3, 1, 3, 0, 2, 5, 5, 3, 0, 5, 4, 0, 4, 2, 1, 2, 3, 5, 4, 4, 4, 3, 0, 1, 5, 0, 2, 1, 0, 3, 1, 3, 2, 0, 3, 2, 2, 2, 0, 5, 5, 5, 0, 4, 4, 5, 1, 3, 4, 3, 4, 5, 1, 0, 2, 2, 1, 0, 3, 3, 1, 2, 5, 5, 4, 0, 3, 1, 2, 0, 4, 5, 0, 3, 5, 4, 1, 2, 4, 5, 1, 0, 1, 3, 1, 2, 0, 2, 3, 4, 1, 2, 4, 5, 1, 0, 5, 1, 2, 0, 4, 3, 5, 3, 2, 0, 5, 4, 4, 0, 1, 0, 2, 2, 3, 1, 3, 4, 3, 4, 2, 0, 5, 4, 3, 4, 3, 2, 1, 2, 1, 4, 0, 5, 5, 0, 5], 'temp_y': [1, 1, 1, 1, 1, 1, 0, 1, 0, 1, 1, 1, 1, 1, 1, 1, 1, 1, 1, 0, 0, 0, 1, 1, 1, 1, 1, 1, 1, 1, 1, 0, 1, 1, 1, 1, 1, 1, 1, 1, 0, 1, 1, 1, 0, 1, 0, 1, 0, 0, 1, 0, 1, 1, 1, 1, 0, 1, 1, 0, 1, 1, 0, 0, 0, 1, 1, 1, 1, 1, 0, 1, 1, 1, 1, 1, 1, 1, 0, 1, 1, 1, 1, 0, 1, 1, 1, 1, 1, 1, 1, 1, 1, 1, 1, 0, 1, 1, 1, 1, 1, 0, 1, 1, 1, 0, 0, 1, 1, 1, 1, 1, 0, 1, 0, 0, 1, 1, 1, 1, 1, 1, 0, 1, 1, 1, 1, 1, 0, 1, 1, 1, 0, 1, 0, 1, 0, 1, 1, 0, 1, 1, 1, 1, 1, 0, 0, 1, 1, 1, 0, 1, 1, 1, 1, 1, 0, 0, 1, 1, 1, 1, 1, 1, 0, 1, 1, 1, 0, 0, 1, 1, 1, 1, 1, 1, 0, 0, 1, 1, 1, 1, 1, 1, 1, 1, 1, 0, 0, 0, 1, 1, 1, 0, 1, 0, 1, 1, 1, 1, 1, 0, 1, 1, 1, 1, 1, 0, 1, 0, 1, 1, 0, 1, 1, 1, 1, 1, 1, 1, 0, 1, 0, 1, 1, 1, 1, 1, 1, 1, 1, 1, 1, 0, 1, 1, 0, 1, 0, 1, 1, 1, 1, 0, 1, 0, 1, 1, 1, 1, 1, 1, 1, 1, 1, 1, 0, 1, 1, 1, 1, 0, 1, 1, 1, 1, 1, 0, 1, 1, 1, 1, 0, 1, 1, 1, 1, 1, 1, 1, 1, 1, 0, 1, 1, 1, 1, 1, 1, 0, 1, 1, 1, 1, 0, 1, 1, 1, 1, 0, 1, 1, 0, 1, 1, 1, 1, 1, 1, 0, 1, 0, 1, 1, 1, 1, 1, 0, 1, 1, 0, 1, 1, 1, 1, 1, 1, 1, 1, 0, 1, 1, 1, 1, 1, 1, 0, 0, 1, 1, 0, 1, 1, 1, 1, 1, 1, 0, 1, 1, 1, 1, 1, 1, 1, 1, 1, 1, 0, 1, 1, 0, 0, 0, 1, 1, 1, 1, 0, 1, 1, 1, 1, 1, 1, 1, 0, 1, 1, 0, 1, 1, 1, 1, 1, 1, 1, 0, 1, 1, 0, 1, 1, 1, 0, 1, 1, 1, 0, 1, 1, 1, 1, 1, 1, 1, 1, 1, 0, 0, 1, 0, 1, 1, 1, 1, 0, 1, 1, 1, 1, 1, 0, 0, 1, 1, 1, 1, 1, 1, 1, 1, 1, 1, 1, 1, 1, 0, 0, 1, 1, 1, 1, 1, 1, 1, 1, 1, 0, 1, 1, 1, 0, 1, 1, 0, 0, 1, 0, 1, 1, 0, 1, 1, 1, 1, 1, 1, 1, 1, 1, 0, 1, 0, 1, 0, 0, 0, 1, 1, 1, 1, 1, 1, 1, 0, 1, 0, 1, 1, 1, 1, 1, 1, 0, 1, 1, 1, 1, 0, 1, 0, 1, 0, 1, 1, 1, 1, 1, 1, 1, 1, 0, 1, 1, 1, 1, 1, 1, 1, 0, 1, 0, 1, 1, 1, 1, 1, 0, 1, 0, 1, 0, 1, 0, 1, 1, 1, 1, 1, 0, 0, 1, 1, 1, 1, 1, 1, 1, 1, 0, 1, 1, 1, 1, 1, 1, 1, 1, 0, 1, 1, 0, 1, 0, 1, 1, 0, 1, 1, 0, 0, 1, 1, 0, 0, 1, 1, 0, 1, 1, 0, 1, 0, 1, 1, 1, 1, 1, 1, 1, 1, 1, 1, 0, 0, 1, 1, 1, 0, 1, 1, 1, 1, 1, 1, 1, 1, 1, 1, 1, 1, 1, 0, 1, 1, 1, 1, 1, 0, 0, 1, 0, 1, 1, 1, 0, 1, 1, 0, 1, 1, 1, 1, 1, 1, 1, 1, 1, 1, 1, 0, 1, 1, 0, 1, 1, 1, 1, 1, 1, 1, 1, 1, 1, 0, 1, 1, 1, 0, 0, 1, 1, 1, 0, 1, 1, 1, 1, 1, 1, 0, 1, 0, 1, 1, 0, 0, 0, 0, 1, 1, 1, 1, 0, 0, 1, 1, 1, 1, 1, 0, 1, 1, 1, 0, 1, 1, 1, 1, 1, 1, 1, 1, 1, 0, 1, 1, 0, 1, 1, 1, 1, 1, 1, 0, 1, 1, 1, 1, 1, 1, 1, 1, 0, 1, 0, 1, 1, 1, 1, 1, 1, 0, 1, 0, 1, 1, 1, 1, 1, 1, 1, 1, 1, 0, 0, 0, 1, 1, 1, 0, 1, 1, 1, 1], 'temp_z': [1, 1, 1, 1, 1, 1, 0, 1, 1, 1, 1, 1, 1, 0, 1, 1, 1, 1, 1, 1, 0, 1, 1, 1, 1, 1, 1, 0, 1, 1, 1, 1, 1, 1, 0, 1, 1, 1, 1, 1, 1, 0], 'temp_host': [0, 0, 0, 0, 0, 1, 0, 1, 0, 0, 0, 0, 0, 0, 0, 1, 0, 0, 0, 1, 0, 0, 0, 0, 0, 0, 0, 0, 1, 0, 0, 0, 0, 0, 1, 0, 1, 0, 0, 1, 0, 1, 0, 0, 1, 0, 1, 0, 1, 0, 0, 0, 0, 0, 0, 0, 0, 0, 0, 1, 0, 0, 0, 0, 0, 1, 1, 0, 0, 1, 0, 0, 0, 1, 0, 0, 1, 0, 0, 0, 0, 0, 1, 0, 0, 1, 0, 0, 0, 0, 1, 0, 0, 0, 0, 0, 0, 1, 0, 1, 0, 0, 0, 0, 1, 0, 0, 0, 0, 0, 1, 0, 0, 0, 1, 0, 0, 0, 1, 0, 0, 0, 0, 0, 0, 1, 1, 0, 0, 1, 0, 0, 0, 1, 0, 0, 0, 0, 0, 0, 0, 1, 0, 0, 0, 0, 1, 0, 0, 0, 0, 0, 0, 0, 0, 1, 0, 0, 1, 0, 0, 0, 0, 0, 1, 0, 0, 0], 'min_meetings': 19}