Period one
Number of students: 28
Number of girls/boys: 9/19

Event: 1
Group 1: G1, G5, G7, B3, B10, Host: G5
Group 2: G4, G6, B8, B19, Host: B19
Group 3: G8, G9, B14, B15, B16, Host: B16
Group 4: G2, G3, B2, B9, B13, Host: B2
Group 5: B5, B6, B11, B18, Host: B11
Group 6: B1, B4, B7, B12, B17, Host: B12
Event: 2
Group 1: G1, G2, G4, B4, B16, Host: G4
Group 2: G5, G9, B6, B8, Host: B6
Group 3: G3, G8, B3, B12, Host: G8
Group 4: G6, G7, B9, B11, B17, Host: G6
Group 5: B5, B7, B13, B14, B19, Host: B5
Group 6: B1, B2, B10, B15, B18, Host: B15
Event: 3
Group 1: G1, G8, B2, B11, B19, Host: B2
Group 2: G4, G7, G9, B5, B12, Host: G9
Group 3: G3, G5, B15, B17, Host: G3
Group 4: G2, G6, B1, B6, B14, Host: G2
Group 5: B7, B8, B9, B16, B18, Host: B16
Group 6: B3, B4, B10, B13, Host: B10
Event: 4
Group 1: G1, G3, G7, B8, B14, Host: G7
Group 2: G5, G6, B2, B12, B16, Host: G5
Group 3: G2, G9, B7, B10, B11, Host: B11
Group 4: G4, G8, B6, B13, B17, Host: B6
Group 5: B1, B3, B18, B19, Host: B18
Group 6: B4, B5, B9, B15, Host: B4
Event: 5
Group 1: G1, G9, B6, B9, B12, Host: B9
Group 2: G2, G5, B13, B18, Host: B13
Group 3: G6, G7, G8, B7, B15, Host: B7
Group 4: G3, G4, B1, B11, B16, Host: B1
Group 5: B3, B5, B8, B10, B17, Host: B5
Group 6: B2, B4, B14, B19, Host: B14
Event: 6
Group 1: G1, G8, B1, B5, Host: G1
Group 2: G4, G5, B9, B10, B14, Host: G4
Group 3: G2, G7, B16, B17, B19, Host: B17
Group 4: G3, G6, G9, B4, B18, Host: B4
Group 5: B2, B3, B6, B7, Host: B3
Group 6: B8, B11, B12, B13, B15, Host: B8

--------------------------------------------------
The smallest number of meetings a student obtain in the event period: 18
The total number of meetings in the event period: 592
The gap value for the event period: 27.7%
Total solution time for the event period: 3601.9s
--------------------------------------------------
{'temp_x': [0, 3, 3, 1, 0, 1, 0, 2, 2, 5, 3, 0, 5, 4, 4, 5, 1, 3, 0, 4, 5, 3, 2, 2, 2, 5, 4, 1, 0, 0, 2, 0, 1, 3, 3, 2, 1, 5, 5, 2, 0, 4, 1, 4, 1, 3, 5, 3, 2, 4, 4, 5, 0, 3, 5, 4, 0, 3, 2, 1, 2, 3, 1, 0, 1, 3, 0, 5, 5, 1, 3, 4, 4, 4, 5, 0, 1, 5, 3, 2, 4, 2, 4, 0, 0, 2, 0, 3, 1, 1, 0, 3, 2, 4, 1, 4, 5, 5, 3, 2, 0, 5, 2, 2, 1, 3, 0, 5, 1, 3, 4, 4, 0, 1, 3, 3, 1, 2, 2, 2, 0, 3, 5, 4, 5, 4, 0, 2, 4, 0, 4, 3, 0, 1, 5, 2, 3, 4, 1, 5, 0, 2, 3, 1, 1, 3, 2, 0, 3, 0, 4, 4, 3, 0, 4, 4, 5, 1, 1, 5, 5, 5, 1, 5, 2, 2, 3, 2], 'temp_y': [1, 1, 1, 1, 0, 1, 1, 1, 1, 1, 1, 1, 1, 1, 0, 1, 1, 1, 1, 1, 0, 1, 0, 1, 0, 0, 1, 1, 1, 1, 1, 1, 1, 0, 1, 1, 1, 0, 1, 0, 1, 1, 0, 1, 1, 1, 0, 1, 1, 0, 1, 1, 1, 1, 1, 1, 1, 1, 1, 1, 1, 1, 1, 1, 1, 1, 0, 0, 0, 1, 1, 0, 1, 1, 1, 1, 1, 1, 1, 1, 0, 1, 1, 1, 1, 1, 1, 1, 1, 1, 0, 0, 1, 1, 1, 0, 1, 1, 1, 1, 1, 1, 1, 0, 1, 1, 0, 1, 1, 1, 1, 1, 1, 1, 0, 1, 0, 1, 1, 0, 0, 1, 0, 1, 1, 1, 0, 1, 1, 1, 1, 1, 1, 1, 0, 0, 1, 1, 1, 1, 1, 1, 1, 1, 1, 0, 1, 0, 1, 1, 1, 1, 0, 1, 1, 0, 1, 1, 1, 1, 1, 1, 1, 1, 1, 1, 1, 1, 1, 1, 0, 0, 1, 0, 1, 0, 1, 1, 1, 1, 1, 1, 0, 1, 1, 1, 1, 0, 1, 1, 0, 1, 1, 0, 1, 1, 1, 1, 1, 1, 0, 1, 1, 1, 0, 0, 0, 1, 1, 1, 1, 1, 1, 1, 0, 1, 1, 1, 1, 1, 1, 1, 1, 1, 0, 0, 0, 1, 1, 1, 1, 1, 1, 1, 1, 1, 0, 1, 1, 1, 0, 1, 0, 1, 1, 1, 1, 0, 1, 0, 1, 0, 1, 1, 1, 1, 1, 1, 0, 0, 1, 1, 1, 0, 1, 1, 1, 1, 1, 1, 1, 1, 1, 0, 1, 1, 0, 1, 0, 1, 1, 1, 0, 1, 1, 0, 1, 1, 1, 1, 1, 1, 1, 1, 0, 1, 1, 1, 0, 1, 0, 1, 0, 1, 1, 0, 1, 1, 1, 1, 1, 1, 1, 0, 1, 0, 1, 1, 0, 0, 0, 1, 1, 1, 1, 1, 1, 1, 0, 1, 0, 0, 1, 1, 1, 1, 1, 0, 1, 0, 1, 1, 0, 1, 1, 1, 1, 1, 1, 1, 1, 1, 0, 0, 1, 0, 0, 1, 1, 1, 1, 0, 1, 1, 1, 1, 1, 1, 1, 1, 1, 1, 1, 1, 0, 1, 1, 1, 1, 1, 0, 1, 1, 1, 0, 1, 1, 1, 1, 1, 0, 1, 1, 1, 1, 0, 1, 1, 1, 1, 0, 0, 1, 1, 0, 0, 1, 0, 0, 0, 1, 1, 1, 1, 1, 1, 1, 1, 1, 1, 1, 1, 1, 1, 1, 1, 1, 1, 1, 1, 1, 1, 1, 0, 1, 1, 1, 1, 1, 0, 1, 0, 0, 1, 0, 1, 1, 1, 1, 1, 1, 1, 1, 1, 1, 1, 1, 1, 1, 1, 1, 1, 1, 1, 1, 1, 0, 1, 0, 1, 0, 1, 1, 1, 1, 1, 1, 1, 1, 1, 1, 1, 1, 1, 1, 0, 1, 1, 0, 1, 1, 0, 1, 0, 1, 1, 1, 1, 1, 1, 0, 1, 1, 1, 1, 0, 1, 1, 1, 0, 1, 1, 0, 1, 1, 1, 1, 0, 1, 1, 1, 1, 1, 1, 0, 0, 1, 1, 1, 1, 1, 1, 1, 1, 0, 1, 1, 1, 1, 1, 1, 0, 1, 1, 1, 1, 1, 1, 1, 1, 1, 1, 1, 1, 1, 1, 1, 1, 0, 1, 1, 0, 1, 1, 1, 0, 0, 0, 1, 1, 1, 1, 0, 0, 1, 0, 0, 1, 1, 1, 1, 1, 1, 1, 1, 1, 1, 1, 1, 1, 0, 1, 1, 1, 1, 1, 1, 1, 1, 1, 1, 1, 1, 1, 1, 0, 1, 1, 1, 1, 1, 1, 1, 0, 0, 1, 1, 1, 0, 0, 1, 0, 0, 1, 0, 1, 1, 1, 1, 1, 1, 1, 0, 1, 1, 0, 1, 1, 1, 1, 1, 1, 1, 1, 1, 1, 1, 0, 1, 1, 1, 1, 1, 1, 1, 1, 1, 1, 1, 0, 1, 0, 0, 1, 1, 1, 0, 1, 1, 0, 1, 1, 1, 1, 1, 0, 1, 1, 1, 1, 1, 1, 1, 0, 1, 0, 1, 1, 1, 1, 1, 1, 1, 1, 1, 1, 1, 0, 1, 1, 0, 1, 0, 1, 1, 0, 1, 1, 0, 0, 1, 1, 1, 1, 1, 1, 1, 1, 1, 1, 1, 1, 0, 1, 0, 1, 1, 0, 1, 1, 1, 0, 1, 0, 1, 1, 1, 0, 1, 1, 1, 1, 1, 0, 1, 1, 0, 0, 1, 0, 1, 1, 0, 1, 1, 1], 'temp_z': [1, 1, 1, 1, 1, 1, 0, 1, 1, 1, 1, 1, 1, 0, 1, 1, 1, 1, 1, 1, 0, 1, 1, 1, 1, 1, 1, 0, 1, 1, 1, 1, 1, 1, 0, 1, 1, 1, 1, 1, 1, 0], 'temp_host': [0, 0, 0, 0, 0, 1, 0, 0, 1, 0, 0, 0, 0, 0, 1, 0, 0, 0, 0, 1, 0, 0, 0, 1, 1, 0, 0, 1, 0, 0, 0, 1, 0, 0, 0, 0, 0, 0, 0, 1, 0, 0, 0, 1, 0, 0, 0, 0, 0, 0, 1, 0, 0, 0, 0, 0, 0, 0, 1, 0, 1, 0, 1, 0, 0, 0, 0, 0, 0, 0, 0, 1, 0, 0, 0, 1, 0, 1, 0, 1, 0, 0, 1, 0, 0, 1, 0, 1, 0, 0, 0, 0, 0, 0, 1, 0, 0, 0, 0, 0, 0, 1, 0, 0, 0, 0, 1, 0, 0, 0, 1, 0, 0, 0, 1, 0, 0, 1, 0, 0, 1, 0, 0, 0, 0, 0, 0, 0, 0, 0, 1, 0, 0, 0, 0, 0, 1, 0, 0, 1, 0, 0, 0, 0, 1, 0, 1, 0, 0, 0, 0, 0, 0, 0, 0, 1, 0, 0, 0, 1, 0, 0, 1, 0, 0, 0, 0, 0], 'min_meetings': 18}